Cell_ID	cluster_annotation	Th	Rxfp1	Ebf2	Mctp2	Tnfaip8l3	Kcnh8	Dbh	Phox2b	Tfap2b	Gfral	Sctr	Ddc	Calcr	Prlh
ACAAGCTTCATGGATC-1_SID192072	146: Rxfp1/Ebf2	0	0	2.56683114167892	0	0	2.47916948325939	0	0	0	0	0	0	0	0
CGCATAAGTATTTCCT-1_SID192072	146: Rxfp1/Ebf2	0	0.988815508732518	0.988815508732518	2.04797595982601	0	2.24498172972003	0	0	0	0	0	0	0	0
CTTCCGACATAAGCGG-1_SID192072	146: Rxfp1/Ebf2	0	1.18279032098446	3.41526724269492	1.70963346024874	0	1.70963346024874	0	0	0	0	0	0	0	0
GCATCTCTCCGATAGT-1_SID192072	146: Rxfp1/Ebf2	0	0	0	0	0	0	0	0	0	0	0	0	0	0
TATTGCTTCAGCTAGT-1_SID192072	146: Rxfp1/Ebf2	0.688282923190043	1.7836391786805	2.76344874329554	1.7836391786805	0	2.47597069172121	0	0	0	0	0	0	0	0
TCATATCAGTTGTCGT-1_SID192072	146: Rxfp1/Ebf2	0.742162654334545	0	2.16370369162822	1.45894511017569	0	2.65364177493509	0	0	0	0	0	0	0	0
TCGTCCAGTGCTGATT-1_SID192072	146: Rxfp1/Ebf2	0	0	1.25178169293692	0.810167085121941	0	2.84651779489247	0	0	1.25178169293692	0	0	0	0	0
TGAGACTTCGGCTTGG-1_SID192072	146: Rxfp1/Ebf2	0	0	2.96785655597551	0	0	1.72500447137959	0	0	0	0	0	0	0	0
TTTACCATCGTAGGGA-1_SID192072	146: Rxfp1/Ebf2	0	0	0	0	0	0	0	0	0	0	0	0	0	0
AAGCGAGAGTTGCCCG-1_SID192073	146: Rxfp1/Ebf2	0	1.30434776558138	2.20341139064561	0	0	3.22555593363837	0	0	0	0	0	0	0	0
CATGAGTCATGAAAGT-1_SID192073	146: Rxfp1/Ebf2	0	1.60592717715982	2.94028018300225	1.09568753252843	0	1.94214817471432	0	0	0	0	0	0	0	0
CCTACGTCAAGGCCTC-1_SID192073	146: Rxfp1/Ebf2	0	1.60664377829412	2.82992531596404	1.3836750892763	0	2.63581340911621	0	0	0	0	0	0	0	0
CGGGCATAGACATCAA-1_SID192073	146: Rxfp1/Ebf2	1.70189036422705	1.17623745069865	2.67089611035532	1.70189036422705	1.17623745069865	2.29944114250408	0	0	0	0	0	0	0	0
CTCTGGTAGTTAGAAC-1_SID192073	146: Rxfp1/Ebf2	0	0	1.93793841274797	1.37932257409631	0	3.0821608037511	0	0	0	0	0	0	0	0
GCCAACGCAGGTGACA-1_SID192073	146: Rxfp1/Ebf2	0	2.70842361410132	2.44271233217692	1.73493054468269	0	1.73493054468269	0	0	0	0	0	0	0	0
TCGCACTCAAGAGGCT-1_SID192073	146: Rxfp1/Ebf2	0.908855753386637	1.93527175085026	2.93267413758685	2.29141179239592	0	1.93527175085026	0	0	0	0	0	0	0	0
TTTCACAGTGATACAA-1_SID192073	146: Rxfp1/Ebf2	0	1.79866774263582	2.14737932352291	1.25868726279144	0	1.79866774263582	0	0	0	0	0	0	0	0
AATGGCTGTCAAACGG-1_SID192074	146: Rxfp1/Ebf2	0	0	2.20412833931995	0	0	2.66981153715825	0	0	0	0	0	0	0	0
AGCGATTCAGCATACT-1_SID192074	146: Rxfp1/Ebf2	0.663842279937363	0	2.83427695589388	1.56212879551226	0.663842279937363	2.58393177120457	0	0	0.663842279937363	0	0	0	0	0
AGGAATACACTCTCGT-1_SID192074	146: Rxfp1/Ebf2	0	1.15541211132435	2.78669637509979	0	0	2.47457501936229	0	0	0	0	0	0	0	0
AGGTAGGTCTCATTAC-1_SID192074	146: Rxfp1/Ebf2	0	2.50836778600538	2.9303056156495	1.76410894233515	0	0.960163364287883	0	0	0	0	0	0	0	0
CCTAACCTCTCGACGG-1_SID192074	146: Rxfp1/Ebf2	0	0	2.86512853733416	1.70728911192558	0	1.38862387560562	0	0	0	0	0	0	0	0
CGATCGGTCTACTGAG-1_SID192074	146: Rxfp1/Ebf2	0	1.84283868696797	3.43769471500622	2.09012387441542	1.51357842323961	2.59528114659517	0	0	0	0	0	0	0	0
CTGCATCTCCTTATCA-1_SID192074	146: Rxfp1/Ebf2	0	1.01163273094505	2.27731215804152	0	0	1.83262346496635	0	0	0	0	0	0	0	0
CTTCAATAGGTTCATC-1_SID192074	146: Rxfp1/Ebf2	1.1749984328829	2.04309047617057	2.8134286217027	1.1749984328829	0	1.1749984328829	0	0	0	0	0	0	0	0
GCACGTGGTCGCTTGG-1_SID192074	146: Rxfp1/Ebf2	0	0	2.34877063814069	0.947316876819636	0	1.98994408473183	0	0	0	0	0	0	0	0
GTCCTCAAGGTTCACT-1_SID192074	146: Rxfp1/Ebf2	0	0	2.73800307635059	0	1.52910001603343	1.52910001603343	0	0	0	0	0	0	0	0
GTTCATTGTGACGCCT-1_SID192074	146: Rxfp1/Ebf2	0	0	2.16653341517194	0	1.27424255217057	2.42515372847294	0	0	0	0	0	0	0	0
TATACCTCACCTTCCA-1_SID192074	146: Rxfp1/Ebf2	0.581110017065454	0	2.48759544046912	1.21315041904357	0	2.34720129882205	0	0	0	0	0	0	0	0
TATGTTCAGCCAAGGT-1_SID192074	146: Rxfp1/Ebf2	1.42982454957703	1.65580383299203	2.99911637153823	2.24861202924938	0	1.99550709019469	0	0	0	0	0	0	0	0
TCAGTGATCAACTTTC-1_SID192074	146: Rxfp1/Ebf2	0	0	0	2.15431141863232	0	0	0	0	0	0	0	0	0	0
TTTACGTGTCAGACGA-1_SID192074	146: Rxfp1/Ebf2	0	2.56878871087618	3.2811467521038	1.94947575125203	0	2.77648794874513	0	0	0	0	0	0	0	0
AAGACAATCGGACTGC-1_SID192075	146: Rxfp1/Ebf2	0	1.30926032461894	3.65965832126821	1.30926032461894	0	2.46926270569421	0	0	0	0	0	0	0	0
AAGCGTTCAAAGGCTG-1_SID192075	146: Rxfp1/Ebf2	0	1.99871744827408	2.73138038914505	1.75521459864998	0	1.99871744827408	0	0	0	0	0	0	0	0
ATTACTCCAGAATCGG-1_SID192075	146: Rxfp1/Ebf2	0	2.48933129053008	2.99314722035412	1.74695236167273	0.947413543536709	1.74695236167273	0	0	0	0	0	0	0	0
CATGCAAGTCTTGCTC-1_SID192075	146: Rxfp1/Ebf2	1.11349754320914	0	3.15678284537849	1.62727381289272	0	2.21702274930706	0	0	0	0	0	1.11349754320914	0	0
CATGCCTTCCACCTCA-1_SID192075	146: Rxfp1/Ebf2	1.77033482744045	0	2.80898225292873	2.27942648497297	0	2.6151546718197	0	0	0	0	0	0	0	0
CGAGTTATCATCTATC-1_SID192075	146: Rxfp1/Ebf2	1.32709704431859	0	0	0	0	0	0	0	0	0	0	0	0	0
GACTCAAAGGAACGCT-1_SID192075	146: Rxfp1/Ebf2	1.37279767867582	2.54831201588915	2.28636707631473	1.37279767867582	0	3.20156719751864	0	0	0	0	0	0	0	0
GACTTCCAGTATCTGC-1_SID192075	146: Rxfp1/Ebf2	0	0	2.97077821408116	1.40720317318917	0	2.32762371333543	0	0	0	0	0	0	0	0
GACTTCCTCTGGACCG-1_SID192075	146: Rxfp1/Ebf2	0	0.710697792693087	2.42957984416746	1.82084166777464	0	1.41250610572526	0	0	0	0	0	0	0	0
GATTTCTCAGCGTACC-1_SID192075	146: Rxfp1/Ebf2	0	1.67987888376149	2.41455401738862	0.898114019076732	0	1.91984112457419	0	0	0	0	0	0	0	0
GCATGATCACTCCACT-1_SID192075	146: Rxfp1/Ebf2	0	1.61178871759855	2.56766133496247	1.30142030794683	0	2.56766133496247	0	0	0	0	0	0	0	0
GGAGGATCACTACCCT-1_SID192075	146: Rxfp1/Ebf2	1.13862317219793	2.45206759632639	2.13163448962556	1.65726239366177	0	1.84152784758653	0	0	0	0	0	0	0	0
GGGCCATCACTGTCGG-1_SID192075	146: Rxfp1/Ebf2	1.58032559746718	0	2.36474661081037	1.58032559746718	0	2.53128203483327	0	0	0	0	0	0	0	0
GGGTAGATCCGATCGG-1_SID192075	146: Rxfp1/Ebf2	0	2.07080532707035	1.82429213353936	1.82429213353936	0	1.82429213353936	0	0	0	0	0	0	0	0
GGTAGAGTCGCGAAGA-1_SID192075	146: Rxfp1/Ebf2	0	1.64857463079501	1.79831723574916	0.985751605147608	0	1.9285297735177	0	0	0	0	0	0	0	0
GGTTAACTCCTCGATC-1_SID192075	146: Rxfp1/Ebf2	0	0	3.25929924184433	0.811625288184258	1.25365654374918	2.27838985356422	0	0	0	0	0	0	0	0
GTAGGAGCATGACTTG-1_SID192075	146: Rxfp1/Ebf2	1.96606371511628	0	2.21811682755416	1.62826047040432	0	2.41925731081047	0	0	0	0	0	0	0	0
GTTGAACTCACGATCA-1_SID192075	146: Rxfp1/Ebf2	0	0	2.8021400099501	1.00062682151205	0	1.00062682151205	0	0	0	0	0	0	0	0
GTTTACTCACAGCTTA-1_SID192075	146: Rxfp1/Ebf2	0	0.677188226887558	2.80295829415897	1.36225939511629	0	2.45545121201147	0	0	0	0	0	0	0	0
TAGAGTCTCAAGGACG-1_SID192075	146: Rxfp1/Ebf2	0	0.990302010931689	3.39332666919281	0	0	1.47798316315601	0	0	0	0	0	0	0	0
TCCTCGATCTACGCGG-1_SID192075	146: Rxfp1/Ebf2	1.15660568467706	1.15660568467706	1.15660568467706	0	0	2.27382505642217	0	0	0	0	0	0	0	0
TGTCCACCATGGGATG-1_SID192075	146: Rxfp1/Ebf2	0	0	2.42343355075854	1.48798858236429	0	2.68871232695028	0	0	0	0	0	0	0	0
TTAGGCAAGTGTTCCA-1_SID192075	146: Rxfp1/Ebf2	0	2.29029395640976	3.25261827297849	1.51537695203021	1.51537695203021	2.59741485519514	0	0	0	0	0	0	0	0
TTCTTGACAGAGTGTG-1_SID192075	146: Rxfp1/Ebf2	0	0	2.83421783295004	1.30005926867752	0	2.19817328775425	0	0	0	0	0	0	0	0
TTGTGGATCCTCGATC-1_SID192075	146: Rxfp1/Ebf2	0	0	2.49985107232787	0	0	2.81258747996139	0	0	0	0	0	0	0	0
TTTGATCGTCCCGTGA-1_SID192075	146: Rxfp1/Ebf2	1.38054700437752	0	2.29568429039192	2.29568429039192	0	2.29568429039192	0	0	0	0	0	0	0	0
AAGCGTTGTATCATGC-1_SID192072	63: Ebf2/Th	1.00455896262885	0	2.90728495624923	1.00455896262885	0	2.06974602432641	0	0	0	0	0	0	0	0
AAGCGTTTCTTCCCAG-1_SID192072	63: Ebf2/Th	1.32934023152993	0	2.23384027552461	0	0	1.88054830915556	0	0	0	0	0	0	0	0
AATCACGCACACTTAG-1_SID192072	63: Ebf2/Th	0.945484224465858	0	2.18270833547104	0	0	1.42265497821474	0	0	0	0	0	0	0	0
ACCCAAAAGTCCCAAT-1_SID192072	63: Ebf2/Th	0	0	1.15780199642954	0	0.737864655764131	2.15643189023615	0	0	0	0	0	0	0	0
ACGTACATCCGCGAGT-1_SID192072	63: Ebf2/Th	0.476175080879084	0	2.18927787610748	1.39859941106188	1.77142730433758	2.37569406493654	0	0	0	0	0	0	0	0
AGCGATTTCATTGCGA-1_SID192072	63: Ebf2/Th	0	0	2.39441769210658	1.78857214928079	0	1.46339528830292	0	0	0	0	0	0	0	0
AGGTAGGCAAGAATAC-1_SID192072	63: Ebf2/Th	1.2011568516163	0	1.73128734566	1.2011568516163	1.2011568516163	0	0	0	0	0	0	0	0	0
ATACCGAAGGAATGTT-1_SID192072	63: Ebf2/Th	1.12306371855129	0	2.86756177822571	1.63870869362999	1.12306371855129	1.97723927763111	0	0	0	0	0	0	0	0
ATGTCCCAGTAAACTG-1_SID192072	63: Ebf2/Th	0	1.11680448194177	2.42262160447142	0	0	1.96923989795969	0	0	0	0	0	0	0	0
CAACAACAGTAACCTC-1_SID192072	63: Ebf2/Th	0.54036911900827	0	2.00818228808512	0.889240461871397	0	2.57891952083673	0	0	0	0	0	0	0	0
CATAGACTCGGCATAT-1_SID192072	63: Ebf2/Th	0.631421600798989	0	1.0154347821892	0	0.631421600798989	2.2826697832931	0	0	0	0	0	0	0	0
CCTCCTCTCGTCGGGT-1_SID192072	63: Ebf2/Th	0	0	1.18593941591454	0	2.05684853102173	2.82827916762473	0	0	0	0	0	0	0	0
CCTCTAGGTTGGTGTT-1_SID192072	63: Ebf2/Th	0	0	1.74734361007703	1.21481429632717	0	1.74734361007703	0	0	0	0	0	0	0	0
CGTAGTAGTCAGCGTC-1_SID192072	63: Ebf2/Th	0	0	0	0	0	1.85691418793975	0	0	0	0	0	0	0	0
CTAACTTGTGTGTGGA-1_SID192072	63: Ebf2/Th	0	0	2.32671951096299	0	0	2.07105775528341	0	0	0	0	0	0	0	0
CTCACTGAGGTTGTTC-1_SID192072	63: Ebf2/Th	0	0	0	0	0	3.27949563493241	0	0	0	0	0	0	0	0
CTGCATCAGTTACGAA-1_SID192072	63: Ebf2/Th	0	0	2.15313315695022	0	0.66858538719543	2.99720597304345	0	0	0	0	0	0	0	0
GAAGGGTTCGCGTGAC-1_SID192072	63: Ebf2/Th	1.34865824465361	0	2.2572487407723	1.34865824465361	0	0	0	0	0	0	0	0	0	0
GAGAAATGTCTAATCG-1_SID192072	63: Ebf2/Th	0	0	2.05506584619065	0	0	1.48243963987011	0	0	0	0	0	0	0	0
GCATGATAGTAGCATA-1_SID192072	63: Ebf2/Th	0.41705844666918	0.41705844666918	2.51647043571306	0.41705844666918	0.710487172812518	1.41219288433142	0	0	0	0	0	0.41705844666918	0	0
GCTGCAGGTTGCCTAA-1_SID192072	63: Ebf2/Th	0	0	1.18275892410968	0.644663655352697	0.644663655352697	1.62414075563561	0	0	0	0	0	0	0	0
GGAAGTGTCATTGAGC-1_SID192072	63: Ebf2/Th	1.73839957358052	0	0	0	0	2.33954026797069	0	0	0	0	0	0	0	0
GGATCTATCCCTCAAC-1_SID192072	63: Ebf2/Th	0	0	2.58524914439165	0.859912906271893	0.859912906271893	1.86436219098978	0	0	0	0	0	0	0	0
GTCATCCTCAGCGGAA-1_SID192072	63: Ebf2/Th	0.781218780788876	0	2.09245595278771	0	0	1.51565409822438	0	0	0	0	0	0	0	0
GTCCTCACAGATCACT-1_SID192072	63: Ebf2/Th	0	0	3.06617873563696	1.22584051060974	0	0.790053477547623	0	0	0	0	0	0	0	0
GTGGTTATCTGAATGC-1_SID192072	63: Ebf2/Th	1.03673753034053	0	1.03673753034053	0	0.647103718498692	1.86563016299624	0	0	0	0	0	0	0	0
TAAGTCGCAGGCAATG-1_SID192072	63: Ebf2/Th	0.823780414927689	0	2.41883772364787	0.823780414927689	0.823780414927689	1.57635641238827	0	0	0	0	0	0	0	0
TACCTGCGTCGGTACC-1_SID192072	63: Ebf2/Th	0	0	1.95518145306834	0.92278965900266	0	2.45222001429538	0	0	0	0	0	0	0	0
TCGCTTGGTTAAGGAT-1_SID192072	63: Ebf2/Th	0	0	2.65333492732923	1.16321956431772	0	1.16321956431772	0	0	0	0	0	0	0	0
TCGGGTGCAAGTATCC-1_SID192072	63: Ebf2/Th	0	0	2.96187587900253	0.83706836163219	0.83706836163219	2.18126647981268	0	0	0	0	0	0	0	0
TGTTACTCAGTCCGTG-1_SID192072	63: Ebf2/Th	1.03550578237777	0	1.03550578237777	1.03550578237777	0	1.53321774120025	0	0	0	0	0	0	0	0
TTCGATTGTATGGTTC-1_SID192072	63: Ebf2/Th	0	0	1.1206900455795	0	0	0	0	0	0	0	0	0	0	0
TTGGGCGCAGACGGAT-1_SID192072	63: Ebf2/Th	0	1.32142593400253	2.22422230020931	0	0	2.48449425030453	0	0	0	0	0	0	0	0
TTTAGTCTCGGAATGG-1_SID192072	63: Ebf2/Th	0	0	1.68165683736912	0	0	2.64783013436272	0	0	0	0	0	0	0	0
AAACGAACAGCACACC-1_SID192073	63: Ebf2/Th	0	0	3.34023294805507	0	0	2.68190131493827	0	0	0	0	0	0	0	0
AGACCATTCTCATGGA-1_SID192073	63: Ebf2/Th	0.610255368145821	0.986489289504398	2.04474806929407	0.610255368145821	1.25922897277505	2.24166821522239	0	0	0	0	0	0	0	0
AGAGAATTCATCAGTG-1_SID192073	63: Ebf2/Th	0	0	2.81384949195747	0	1.41943804993247	1.41943804993247	0	0	0	0	0	0	0	0
AGGCCACCACGGAAGT-1_SID192073	63: Ebf2/Th	0	0	3.01947416510935	1.44615474904357	0	1.76987675797855	0	0	0	0	0	0	0	0
ATCGCCTGTTACACTG-1_SID192073	63: Ebf2/Th	0.415388755881454	0.934082997401472	2.32915617061442	0.415388755881454	0	2.04050247174927	0	0	0.415388755881454	0.415388755881454	0	0	0	0
ATCGTCCGTGTATTGC-1_SID192073	63: Ebf2/Th	0	0.895106722420111	1.91550807631439	0.895106722420111	0	1.91550807631439	0	0	0	0	0	0	0	0
ATCGTGAGTGGCGTAA-1_SID192073	63: Ebf2/Th	1.65683308016806	0	1.65683308016806	0	0	2.51072196516453	0	0	0	0	0	0	0	0
GATCGTAAGTTTGTCG-1_SID192073	63: Ebf2/Th	1.68737742722951	0	0	0.903581827259103	0.903581827259103	2.28346064977597	0	0	0	0	0	0	0	0
GCGTGCAAGTACTGTC-1_SID192073	63: Ebf2/Th	1.61125371575819	0	1.84773797114593	2.03885547081745	1.84773797114593	1.30093385060296	0	0	0	0	0	0	0	0
GGTGATTAGAGTCCGA-1_SID192073	63: Ebf2/Th	0	0	0	0	0	0	0	0	0	0	0	0	0	0
GTAGGAGCAATTTCCT-1_SID192073	63: Ebf2/Th	1.59347108704078	0	2.54650331113886	1.08532436785286	0	2.54650331113886	0	0	0	0	0	0	0	0
GTCGTTCGTCGAGCTC-1_SID192073	63: Ebf2/Th	0	0	1.49788542652835	0	0	2.07247287236374	0	0	0	0	0	0	0	0
TCAGCAATCGCTGACG-1_SID192073	63: Ebf2/Th	0.73514112651325	0	1.44864196603703	1.15422126613243	0	1.67580700461067	0	0	0	0	0	0	0	0
TCATTTGAGGATACAT-1_SID192073	63: Ebf2/Th	0	0	2.09886607906243	1.52136219135583	0	0	0	0	0	0	0	0	0	0
TGGCGTGAGCCTTTCC-1_SID192073	63: Ebf2/Th	0	0	2.17470075720678	0	0	0	0	0	0	0	0	0	0	0
TTCACCGAGATTGTGA-1_SID192073	63: Ebf2/Th	0	0	2.88073047451857	1.40106164095892	0	2.15741694644645	0	0	0	0	0	0	0	0
TTTACCAAGCCTATTG-1_SID192073	63: Ebf2/Th	0.600508326704587	0	2.59119266296677	0.600508326704587	1.24390551466131	2.30792062791719	0	0	0	0	0	0	0	0
ACCCTCACAAGGTCTT-1_SID192074	63: Ebf2/Th	1.16125673987257	0	0.740494569332474	1.16125673987257	0.740494569332474	2.38625976999806	0	0	0	0	0	0	0	0
AGGACGACAACCGACC-1_SID192074	63: Ebf2/Th	1.0503795899038	0	2.76442350715612	0	0	2.76442350715612	0	0	0	0	0	0	0	0
AGGTTGTAGCTACAAA-1_SID192074	63: Ebf2/Th	1.20294711539271	0	3.32482144424956	0	0.772400990139711	2.21426811104417	0	0	0	0	0	0	0	0
ATTTACCCATTGCTGA-1_SID192074	63: Ebf2/Th	0	0	2.15476074165388	1.26467517664106	0	2.41303178782513	0	0	0	0	0	0	0	0
CGTGAATGTAGCGCCT-1_SID192074	63: Ebf2/Th	1.87608774620599	1.87608774620599	1.87608774620599	0	0	0	0	0	0	0	0	0	0	0
GAAGGACGTTCTAAGC-1_SID192074	63: Ebf2/Th	0	0	2.8844473224933	1.65315214106262	0.72069168088952	1.83725430053411	0	0	0	0	0	0	0	0
GACAGCCTCAACGAGG-1_SID192074	63: Ebf2/Th	0	0	0	0.92278965900266	0.92278965900266	1.394411442025	0	0	0	0	0	0	0	0
GACCCTTGTCTTACAG-1_SID192074	63: Ebf2/Th	0	0	2.6623122462372	0.908678896834525	0.908678896834525	2.43074068746605	0	0	0	0	0	0	0	0
GTGATGTCAGATCCAT-1_SID192074	63: Ebf2/Th	0	0	0	0	0	0	0	0	0	0	0	0	0	0
GTGGAGACACTTGACA-1_SID192074	63: Ebf2/Th	0	0	2.44896980377527	0	0	2.32770325122416	0	0	0	0	0	0	0	0
GTGTCCTTCGCAGAGA-1_SID192074	63: Ebf2/Th	1.36601716868074	0	1.9227023564103	0	0	2.91875663377116	0	0	0	0	0	0	0	0
TCAGTCCGTACGACAG-1_SID192074	63: Ebf2/Th	1.16655810912996	0	2.16770729043405	0	2.16770729043405	2.65784625889051	0	0	0	0	0	0	0	0
TGAACGTTCAGGGTAG-1_SID192074	63: Ebf2/Th	1.21715233329511	0	2.09588898999699	0	0	1.7500884590359	0	0	0	0	0	0	0	0
TGAATGCTCAAATAGG-1_SID192074	63: Ebf2/Th	1.47381749987807	0	0	2.04533395431863	0	2.04533395431863	0	0	0	0	0	0	0	0
TGGAACTGTGCGAACA-1_SID192074	63: Ebf2/Th	0	0	2.80862616815338	1.00499793373506	0	1.82385629133031	0	0	0	0	0	0	0	0
TGTGCGGTCCACGGGT-1_SID192074	63: Ebf2/Th	1.33241313445631	0	2.87588237125672	0	0	1.88408902089424	0	0	0	0	0	0	0	0
TTTCACAAGAGAGCCT-1_SID192074	63: Ebf2/Th	0	0	2.58022299123058	0	0	0	0	0	0	0	0	0	0	0
AAACCCATCAAACTGC-1_SID192075	63: Ebf2/Th	0	0	1.84045709961207	0.843657355797664	0.843657355797664	0.843657355797664	0	0	0	0	0	0	0	0
AAAGGATGTGCGAACA-1_SID192075	63: Ebf2/Th	0.980204682383716	0	2.96088294434551	0	0.980204682383716	2.77165171995365	0	0	0	0	0	0	0	0
AACAAGAAGAAGTATC-1_SID192075	63: Ebf2/Th	0	0	1.96224358555723	1.40060064819028	0.927752088281008	2.96247630734792	0	0	0	0	0	0	0	0
AACACACAGCGTGAGT-1_SID192075	63: Ebf2/Th	1.05523814296701	0	1.88978981391945	1.05523814296701	0	2.13896399210728	0	0	0	0	0	0	0	0
AACCATGCACGTCGTG-1_SID192075	63: Ebf2/Th	1.50398018198011	0	1.83247647136016	1.01152137300276	1.50398018198011	1.83247647136016	0	0	0	0	0	0	0	0
AAGCATCGTGGACCTC-1_SID192075	63: Ebf2/Th	0.817513887337471	0	3.05578233412738	0	1.26121975459552	2.40864609687274	0	0	0	0	0	0	0	0
AAGGAATGTCGGCTAC-1_SID192075	63: Ebf2/Th	0.962057788580324	0	2.84320812703878	0.962057788580324	0.962057788580324	2.01066810647351	0	0	0	0	0	0	0	0
AATCACGGTAGCGTAG-1_SID192075	63: Ebf2/Th	0	0	1.08858052555275	0	0	2.18382640423796	0	0	0	0	0	0	0	0
ACCTACCTCCTTCTGG-1_SID192075	63: Ebf2/Th	1.6868390944224	0	2.65374408156762	1.16352219141831	1.6868390944224	1.16352219141831	0	0	0	0	0	1.16352219141831	0	0
ACGATGTGTAGGTAGC-1_SID192075	63: Ebf2/Th	0.98218544003954	0	2.82540134374255	0.607122303775529	0.98218544003954	2.1419802463273	0	0	0	0	0	0	0	0
ACGGGTCCACGCTTAA-1_SID192075	63: Ebf2/Th	0	0	2.93141269574943	0.746513336181765	0.746513336181765	2.03572337994962	0	0	0	0	0	0	0	0
AGAACCTGTGTCGATT-1_SID192075	63: Ebf2/Th	0	0	0.952274045361273	0	0	2.61978501801027	0	0	0	0	0	0	0	0
AGCGTCGAGGCTCTCG-1_SID192075	63: Ebf2/Th	0	2.21157459936603	2.57984721214217	0	0	2.21157459936603	0	0	0	0	0	0	0	0
AGTACCAAGCAGTACG-1_SID192075	63: Ebf2/Th	0	0	2.54787757759665	1.21074684010287	0.778404752892385	2.79201969233477	0	0	0	0	0	0	0	0
ATCACAGTCCTATTGT-1_SID192075	63: Ebf2/Th	1.33231044259023	0	2.49808258825031	0	0.87333925722434	1.64570890565979	0	0	0	0	0	0	0	0
ATCGGATGTGAATTGA-1_SID192075	63: Ebf2/Th	1.14522971607237	0	1.14522971607237	0	1.14522971607237	2.62893338746449	0	0	0	0	0	0	0	0
ATCTTCAAGGAAGTGA-1_SID192075	63: Ebf2/Th	0	0	2.40397801661414	1.47148641075863	0	2.40397801661414	0	0	0	0	0	0	0	0
ATGGATCAGAGTGAAG-1_SID192075	63: Ebf2/Th	0.705678545198075	0.705678545198075	2.73131649053627	0	0	2.50776218136805	0	0	0	0	0	0	0	0
ATTATCCGTAGTAAGT-1_SID192075	63: Ebf2/Th	0	0	3.30192804988778	0	0.809128888289493	2.59968566704683	0	0	0	0	0	0	0	0
ATTCCATCATACAGCT-1_SID192075	63: Ebf2/Th	0	0	2.11136745886373	0	0	1.86324972379017	0	0	0	0	0	0	0	0
ATTTCACGTGTGTCCG-1_SID192075	63: Ebf2/Th	0	0	2.74405997027456	0	1.12446518522752	1.64038214050221	0	0	0	0	0	0	0	0
CAATACGTCGCTTTAT-1_SID192075	63: Ebf2/Th	0	0	3.14670595881875	0	0	2.23508169123344	0	0	0	0	0	0	0	0
CACCAAACATCTGTTT-1_SID192075	63: Ebf2/Th	2.02100842631504	0	2.02100842631504	1.67970134161087	2.02100842631504	2.27499881491756	0	0	0	0	0	0	0	0
CACGTGGGTTAGCGGA-1_SID192075	63: Ebf2/Th	1.00775094455129	0	1.49936986476304	0	0	1.82749637007967	0	0	0	0	0	0	0	0
CAGATACCATTCATCT-1_SID192075	63: Ebf2/Th	0	0	2.56996540076814	1.16118139344057	0	2.38616016791626	0	0	0	0	0	0	0	0
CATAAGCAGGTTCATC-1_SID192075	63: Ebf2/Th	0	0	2.59424355958848	0	0.865533316014321	2.36404808027361	0	0	0	0	0	0	0	0
CATACAGGTGCCTACG-1_SID192075	63: Ebf2/Th	0.946158525932934	0	2.61053778725509	0	0	2.90874381696753	0	0	0	0	0	0	0	0
CATACCCTCCGAGGCT-1_SID192075	63: Ebf2/Th	0	1.43119589310499	1.75363334940268	0	0.952371802035331	2.4967485984645	0	0	0	0	0	0	0	0
CATGCTCGTCATCGCG-1_SID192075	63: Ebf2/Th	2.27219764125282	0	1.36103604330487	0	0	2.5337704679311	0	0	0	0	0	0	0	0
CATTCCGAGGCATCTT-1_SID192075	63: Ebf2/Th	0	0	2.49934948489347	1.55283734118895	0.807198404446701	2.13413264524931	0	0	0	0	0	0	0	0
CCACTTGAGGTTTGAA-1_SID192075	63: Ebf2/Th	0	0	3.05602342705874	1.17841274408665	0	2.04738806487155	0	0	0	0	0	0	0	0
CCGGTGAGTCAAGCGA-1_SID192075	63: Ebf2/Th	0.811764453354892	0	0.811764453354892	1.25383543133008	0	2.84922630930096	0	0	0	0	0	0	0	0
CGATGCGAGTCGCTAT-1_SID192075	63: Ebf2/Th	1.99910360278625	0.822633512469048	2.86757682729967	0	1.57473493399983	2.41697543417369	0	0	0	0	0	0	0	0
CGCCAGATCTCAACGA-1_SID192075	63: Ebf2/Th	0	0	1.29618835374121	1.84224255763287	1.29618835374121	2.19344094882004	0	0	0	0	0	0	0	0
CGCCATTTCACCCTGT-1_SID192075	63: Ebf2/Th	1.45983260753833	0	2.99598839675891	0.602297373966461	1.45983260753833	2.39020362325896	0	0	0	0	0	0	0	0
CTACTATGTGGATCAG-1_SID192075	63: Ebf2/Th	1.01118745854386	0	1.83203566949919	0	0	1.50357204194813	0	0	0	0	0	0	0	0
CTATCCGCAGACTGCC-1_SID192075	63: Ebf2/Th	0.463715463528547	0	1.37367823831072	0	1.21190585606673	2.08934806188263	0	0	0	0	0	0	0	0
CTGCTCACATGTTCAG-1_SID192075	63: Ebf2/Th	0	0	3.03007999930615	0.878407522625397	0	2.38411385378354	0	0	0	0	0	0	0	0
CTGTAGAAGATAGTCA-1_SID192075	63: Ebf2/Th	0	0	1.92544950968523	0	1.3684143133053	2.7501882595174	0	0	0	0	0	0	0	0
CTGTGGGCAGTACTAC-1_SID192075	63: Ebf2/Th	0	0	1.92245311674575	0	1.36579972561463	0	0	0	0	0	0	0	0	0
GAACACTCAACGGTAG-1_SID192075	63: Ebf2/Th	0	0	2.86385240896794	0	1.12041151701069	1.12041151701069	0	0	0	0	0	0	0	0
GAAGTAATCATTCGTT-1_SID192075	63: Ebf2/Th	0	0	2.51348401795486	1.25895805201016	1.79898334561236	2.14771335303004	0	0	0	0	0	0	0	0
GAAGTAATCGTAGTGT-1_SID192075	63: Ebf2/Th	0.808783445587906	1.55509256341837	2.50197470197417	1.55509256341837	0	2.50197470197417	0	0	0	0	0	0	0	0
GACGCTGAGCGTCTGC-1_SID192075	63: Ebf2/Th	1.71746397656373	0	0	0	0	2.68860582772415	0	0	0	0	0	0	0	0
GAGCCTGAGGGCATGT-1_SID192075	63: Ebf2/Th	0	0	2.68562911446301	0	1.1872042938122	2.31368499175886	0	0	0	0	0	0	0	0
GAGTTACGTGTGCCTG-1_SID192075	63: Ebf2/Th	2.15667321234967	0	1.5730164873976	0	0	2.52280500129781	0	0	0	0	0	0	0	0
GCTGGGTGTTGCTTGA-1_SID192075	63: Ebf2/Th	1.39111364755584	0	2.4482109265173	0.920148017273913	0	0.920148017273913	0	0	0	0	0	0	0	0
GGGCCATGTTCTCCAC-1_SID192075	63: Ebf2/Th	0	0	2.27011929174447	1.91501447476243	0	1.91501447476243	0	0	0	0	0	0	0	0
GTAGGTTAGCACTCCG-1_SID192075	63: Ebf2/Th	0	0.837216902341798	3.39512712165809	1.83093483764799	1.28643494431144	2.54861383908826	0	0	0	0	0	0	0	0
GTGTTAGTCTGGTGGC-1_SID192075	63: Ebf2/Th	1.08260564935874	0	2.37600392274005	0	1.08260564935874	2.54271744597604	0	0	0	0	0	0	0	0
GTTACCCGTCGAGCTC-1_SID192075	63: Ebf2/Th	0.715845463940913	0	2.11883169893369	0	1.64551191001662	2.11883169893369	0	0	0	0	0	0	0	0
GTTGTGAGTGGTAATA-1_SID192075	63: Ebf2/Th	0	0	0.678094604295029	1.07849141127901	1.07849141127901	2.17030575728561	0	0	0	0	0	0	0	0
TATATCCTCCGAGTGC-1_SID192075	63: Ebf2/Th	0	0	2.77897336706738	0	1.14977972112603	1.14977972112603	0	0	0	0	0	0	0	0
TCAGGGCTCAACTGGT-1_SID192075	63: Ebf2/Th	0	0	2.46350832001853	1.02639684229285	0	1.8520662273667	0	0	0	0	0	0	0	0
TCAGGTACATGACACT-1_SID192075	63: Ebf2/Th	1.21281825580754	0	3.10308513210049	1.5139008637968	0.780001015209745	1.5139008637968	0	0	0	0	0	0	0	0
TCATATCAGATGAAGG-1_SID192075	63: Ebf2/Th	0	0	1.26358168202254	0	1.26358168202254	2.78676442032185	0	0	0	0	0	0	0	0
TCATTACCACTGCATA-1_SID192075	63: Ebf2/Th	1.80532477393609	0	2.52046516586085	0	0	2.1544237254972	0	0	0	0	0	0	0	0
TCCAGAACATCCAACA-1_SID192075	63: Ebf2/Th	0.732102148295771	0.732102148295771	1.44417214769786	0	0.732102148295771	2.962723658807	0	0	0	0	0	0	0	0
TCGAACAGTTATAGAG-1_SID192075	63: Ebf2/Th	0.977043000349222	0	2.31364767209239	0	0	1.78670793991651	0	0	0	0	0	0	0	0
TCGACCTAGTTCGGTT-1_SID192075	63: Ebf2/Th	0	0	1.70335857875318	0	0	1.94445442007757	0	0	0	0	0	0	0	0
TCGCTTGAGCTACAAA-1_SID192075	63: Ebf2/Th	1.55010236289611	0	2.13107349438063	0.805277601658893	0	1.97221643852909	0	0	0	0	0	0	0	0
TCGGATAGTCCAGCGT-1_SID192075	63: Ebf2/Th	1.457426622874	0	0	0	0	2.02680337387642	0	0	0	0	0	0	0	0
TCGTGCTTCATCCTGC-1_SID192075	63: Ebf2/Th	0	0	3.09637407121362	0.964864281724534	1.4466513937224	2.01459974735579	0	0	0	0	0	0	0	0
TCTACCGAGGTTCTTG-1_SID192075	63: Ebf2/Th	0.799370342760571	0	1.54167716546894	0.799370342760571	0	1.54167716546894	0	0	0	0	0	0	0	0
TGAACGTAGAAACCAT-1_SID192075	63: Ebf2/Th	0	0	2.53448278442576	0	0	2.36789730856093	0	0	0	0	0	0	0	0
TGCGGGTGTCCGGTCA-1_SID192075	63: Ebf2/Th	0	0	0	0	0	2.51397663463629	0	0	0	0	0	0	0	0
TGCTCCACAAACTCTG-1_SID192075	63: Ebf2/Th	1.11583772474909	0	2.14293903016024	0.52119645001768	0.862080611763853	2.29178064552048	0	0	0	0	0	0	0	0
TTATTGCGTCACGACC-1_SID192075	63: Ebf2/Th	0	0	3.26703375240142	1.25940965975176	0	3.05337491140641	0	0	0	0	0	0	0	0
TTGTTCACAAGGGCAT-1_SID192075	63: Ebf2/Th	0	0	1.86470778369187	0	1.86470778369187	0	0	0	0	0	0	0	0	0
TTTACGTGTCGTATGT-1_SID192075	63: Ebf2/Th	0	0	2.59271675960602	0	1.63354724111964	2.22397718951683	0	0	0	0	0	0	0	0
TTTGATCGTACAACGG-1_SID192075	63: Ebf2/Th	0	0	1.89521466545154	1.56220326605152	1.56220326605152	2.1446012183338	0	0	0	0	0	0	0	0
AACCCAATCCCGAGTG-1_SID192072	76: Dbh/Phox2b	0	0	0	0	0	0	0.65094247656987	0	0.65094247656987	0	0	1.04193401769337	0.65094247656987	0
AGGCCACGTCCAGTTA-1_SID192072	76: Dbh/Phox2b	0.876642909215797	0	0	0	0	0	0.876642909215797	0.53145722135126	1.13276553686146	0	0	1.13276553686146	0	0
ATCGTGAAGGACAGTC-1_SID192072	76: Dbh/Phox2b	0	0	0	0	0	0	0	0	1.8881225220292	0	0	1.33591546712642	0	0
ATTCATCCACCAATTG-1_SID192072	76: Dbh/Phox2b	0.770400486145903	0	0	0	0	0	1.36138120424856	0.457624631976931	1.20034506210263	0	0	1.36138120424856	0	0
CATTGCCGTGCAATAA-1_SID192072	76: Dbh/Phox2b	0	0	0	0	0	0	0	0	0	0	0	0.848060491501383	0	0
GAGGGATTCCCAATAG-1_SID192072	76: Dbh/Phox2b	0	0	0	0	0	0	0	1.48322936235793	0.994575900698313	0	0	0	0	0
GGCTTGGGTACAGTCT-1_SID192072	76: Dbh/Phox2b	0	0	0	0	0	0.928399553651605	0	0.928399553651605	0	0	0	0.928399553651605	0	0
GTCATGACATGTAACC-1_SID192072	76: Dbh/Phox2b	1.44318322591376	0	0	0	0	0	0.962057788580324	0.962057788580324	0	0	0	1.44318322591376	0	0
TCCTGCAAGGTAGACC-1_SID192072	76: Dbh/Phox2b	0	0	0	0	0	0	1.1508126909557	0.542471680685206	0.892205828569765	0	0	0	0	0
TGTAGACAGGTTCTTG-1_SID192072	76: Dbh/Phox2b	0	0	0	0	0	0	0.661655642262333	0	0	0	0	1.05639926572949	0	0
TTACCATTCAGCTTGA-1_SID192072	76: Dbh/Phox2b	0	0	0	0	0	0	0	0	0	0	0	1.69908497081484	0	0
TTCTAACTCTGACAGT-1_SID192072	76: Dbh/Phox2b	0	0	0	0	0	0	0	0.899409467534562	0	0	0	1.53587267383172	0	0
TTGCATTCAACTCATG-1_SID192072	76: Dbh/Phox2b	2.25203029323003	0	0	0	0	0	1.48224236384368	0.993771511262905	0	0	0	0.993771511262905	2.79193983353467	0
AAGCCATAGCGTACAG-1_SID192073	76: Dbh/Phox2b	0	0	0	0	0	0	0.74953183878587	0.443405884310432	0	0	0	1.69818782156892	0	0
ACAAGCTTCGCCAGTG-1_SID192073	76: Dbh/Phox2b	0	0	0	0	0	0	0	0	0	0	0	0	0	0
ACACCAAGTATACCCA-1_SID192073	76: Dbh/Phox2b	1.04187464808614	0	0	0	0	0	0	0	0	0	0	1.72031975625701	0	0
AGATGCTTCAAAGGAT-1_SID192073	76: Dbh/Phox2b	0	0	0	0	0	0	0	0	0.816455749079109	0	0	0	0	0
AGTAACCGTGTCTTAG-1_SID192073	76: Dbh/Phox2b	2.12377965633659	0	0	0	0	0.551738322462882	0	0.905244822445678	1.16589883438313	0	0	1.16589883438313	0	0
ATCGTCCGTCGATTCA-1_SID192073	76: Dbh/Phox2b	0	0	0	0	0	0	0	0	0	0	0	0	0	0
ATTACCTGTCAAGTTC-1_SID192073	76: Dbh/Phox2b	0	0	0	0	0	0	0	0	0	0	0	2.03746185594607	0	0
CCACAAAGTGGTCCGT-1_SID192073	76: Dbh/Phox2b	0	0	0	0	0	0	0	0	0	0	0	0	0	0
CCCTAACGTCCCGTGA-1_SID192073	76: Dbh/Phox2b	0	0	0	0	0	1.18942508436158	0	1.18942508436158	1.18942508436158	0	0	0.762018167714977	0	0
CGTAATGCACGACGAA-1_SID192073	76: Dbh/Phox2b	0	0	0	0	0	0	1.28605584857797	1.28605584857797	1.8304949732744	0	0	1.59487838953934	2.0210462835997	0
GAATAGACATACAGCT-1_SID192073	76: Dbh/Phox2b	0	0	0	0	0	0	0.690557279719911	0.690557279719911	1.09515759482557	0	0	1.60529084532146	0	0
GACCTTCGTTCCTAGA-1_SID192073	76: Dbh/Phox2b	0	0	0	0	0	0	0	0	0	0	0	0	0	0
GGATCTAGTTGTCCCT-1_SID192073	76: Dbh/Phox2b	0	0	0	0	0	1.31886183923805	0	0	0	0	0	0.862713396448978	0	0
GTGGGAATCTCCAATT-1_SID192073	76: Dbh/Phox2b	0	0	0	0	0	0	0.475713418189413	0.475713418189413	0	0	0	1.77041569395953	0	0
TACTTGTCAAAGCTAA-1_SID192073	76: Dbh/Phox2b	0	0	0	0	0	0	0	0	0	0	0	0	0	0
TCCTCCCAGAGTCTTC-1_SID192073	76: Dbh/Phox2b	0	0	0	0	0	0	0	1.43064237751504	2.11284436275942	0	0	0.860122601526978	0.374650840707466	0
TCGCAGGTCCCGAGGT-1_SID192073	76: Dbh/Phox2b	0	0	0	0	0	0	0	0	0	0	0	1.25544801441174	0	0
TCTACCGAGCGCCCAT-1_SID192073	76: Dbh/Phox2b	0	0	0	0	0	0	0.931185403523441	0	0	0	0	1.96712095815354	0	0
TGTGCGGTCAACCTTT-1_SID192073	76: Dbh/Phox2b	0	0	0	0	0	0	0	0	0	0	0	2.11916918761905	0	0
TTACGCCTCTTGATTC-1_SID192073	76: Dbh/Phox2b	0.97318569316697	0	0	0	0	0	0.97318569316697	0	2.0262314329529	0	0	0	0	0
TTAGGGTTCAATCAGC-1_SID192073	76: Dbh/Phox2b	0	0	0	0	0	0	0	0	0.569676652127263	0	0	1.19485722400428	0.930347769916587	1.57659997954345
TTCCTAAGTAATACCC-1_SID192073	76: Dbh/Phox2b	0	0	0	0	0	0	0.916440758129031	1.70495266791509	0.916440758129031	0	0	0.916440758129031	0	0
TTCTTGAAGCGACATG-1_SID192073	76: Dbh/Phox2b	0	0	0	0	0	0	0	1.51482301960555	1.02040135389427	0	0	0	0	0
TTGCGTCCACTACACA-1_SID192073	76: Dbh/Phox2b	0	0	0	0	0	0	0.801871437312503	0.801871437312503	0.801871437312503	0	0	0.801871437312503	0	0
AAGGTAACAACAGATA-1_SID192074	76: Dbh/Phox2b	0	0	0	0	0	0	0	0	0	0	0	0	0	2.141280331885
ACGGTCGCAACACAGG-1_SID192074	76: Dbh/Phox2b	0	0	0	0	0	0.893995186226763	0.893995186226763	0.893995186226763	0	0	0	1.35834638332939	0	0
AGGGCCTAGAGGCGGA-1_SID192074	76: Dbh/Phox2b	0	0	0	0	0	0	0	1.58354903765672	1.07708503856894	0	0	1.07708503856894	0	0
ATCATTCAGAGCTTTC-1_SID192074	76: Dbh/Phox2b	0	0	0	0	0	0	1.44121011871601	1.44121011871601	0	0	0	0	0	0
ATCTCTAAGGGAGGGT-1_SID192074	76: Dbh/Phox2b	1.13985095163261	0	0	0	0	0	1.13985095163261	1.65872409078554	0	0	0	0	0	0
ATGAAAGAGCGTCTCG-1_SID192074	76: Dbh/Phox2b	0	0	0	0	0	0	0	0	2.02025167330389	0	0	0	0	0
ATGACCAAGTTATGGA-1_SID192074	76: Dbh/Phox2b	0	0	0	0	0	0	0	0.677808107888542	0	0	0	1.91946872987575	0	0
CAATACGGTATGCTAC-1_SID192074	76: Dbh/Phox2b	0.760255424120942	0	0	0	0	0	0	0.760255424120942	0.760255424120942	0	0	0	0	0
CACAGGCAGTACCCTA-1_SID192074	76: Dbh/Phox2b	0	0	0	0	0	0	0	0	0	0	0	0	0	0
CAGCCAGAGACAAGCC-1_SID192074	76: Dbh/Phox2b	0.540578623674224	0	0	0	0	0	1.3527376517379	0.540578623674224	0.540578623674224	0	0	1.14771993103919	1.14771993103919	0
CATGAGTAGCTCCACG-1_SID192074	76: Dbh/Phox2b	0	0	0	0	0	0	0.730592476246577	0.730592476246577	0	0	0	1.14823411194283	0	0
CATGCTCCACAAACGG-1_SID192074	76: Dbh/Phox2b	0	0	0	0	0	0	0	0	1.02461879926998	0	0	2.09729777608856	0	0
CCACCATCAACGGGTA-1_SID192074	76: Dbh/Phox2b	0.748914344793262	0	0	0	0	0	0	0	1.17229817707574	0	0	0	0	0
CCTACGTAGAATTCAG-1_SID192074	76: Dbh/Phox2b	1.20868332732581	0	0	0	0	0	0	0	1.20868332732581	0	0	0	0	0
CCTCCTCTCTCATTGT-1_SID192074	76: Dbh/Phox2b	0	0	0	0	0	0	0.483282684286727	0.483282684286727	0.807714545883139	0	0	1.5535718815692	0	0
GAATCGTGTGTAGGAC-1_SID192074	76: Dbh/Phox2b	0	0	0	0	0	0	0	0.935586104968916	0	0	0	0.935586104968916	0	0
GACTGATGTCCGCAGT-1_SID192074	76: Dbh/Phox2b	0	0	0	0	0	0	0	1.15675507367931	0	0	0	1.67881431977764	0	0
GACTGATGTTGCCGCA-1_SID192074	76: Dbh/Phox2b	0.65948387897071	0	0	0	0	0	1.33536468880526	0	1.05347126182065	0	0	0	0	0
GAGGGTATCACCTGTC-1_SID192074	76: Dbh/Phox2b	0	0	0	0	0	0.957757105032006	0.589409036148002	0	0.589409036148002	0	0	1.68937129312628	0	0
GATCAGTCAGTAACCT-1_SID192074	76: Dbh/Phox2b	0	0	0	0	0	0	0.780097009619105	0	1.51403910240977	0	0	1.84333583531463	0	0
GATCATGTCGGAGTAG-1_SID192074	76: Dbh/Phox2b	0	0	0	0	0	0	0	0	0	0	0	1.26714337711257	0	0
GGCACGTGTATATGGA-1_SID192074	76: Dbh/Phox2b	0	0	0	0	0	0	0.94799398897928	1.74773507627559	0.94799398897928	0	0	0	0	0
GTAGAAAAGACGCTCC-1_SID192074	76: Dbh/Phox2b	0.676759767406852	0	0	0	0	0	0.676759767406852	0	1.07670217903237	0	0	1.07670217903237	2.60840660016878	0.676759767406852
GTAGAAAAGTGGTTCT-1_SID192074	76: Dbh/Phox2b	0	0	0	0	0	0	0.56001250484023	0	1.17929576852289	0	0	0	0.916846091483767	0
GTCAGCGTCGCCATAA-1_SID192074	76: Dbh/Phox2b	0	0	0	0	0	1.03072642361444	0	1.03072642361444	0	0	0	2.1056458570691	0	0
GTCTTTATCACGATCA-1_SID192074	76: Dbh/Phox2b	0	0	0	0	0	0	0	0.512484442639519	0.849666760148163	0	0	1.61275280305745	1.30229697472053	0
TACTGCCAGGCTAACG-1_SID192074	76: Dbh/Phox2b	0.971141851160424	0	0	0	0	0	0	0	1.77882196597559	0	0	0	0	0
TATTCCAAGACAACTA-1_SID192074	76: Dbh/Phox2b	1.90314403522183	0	0	0	0	0	1.34897510627626	1.66396608879044	0	0	0	0	0	0
TCAATTCCATAACAGA-1_SID192074	76: Dbh/Phox2b	0	0	0.460498426820197	0	0	0	0	0.460498426820197	0	0	0	0	0	0
TCACACCCACTGGAAG-1_SID192074	76: Dbh/Phox2b	0.613616130757254	0	0	0	0	0	1.26449277906455	0	0.613616130757254	0	0	0.613616130757254	0	0
TCACGGGAGTGGATTA-1_SID192074	76: Dbh/Phox2b	0	0	0	0	0	0	0	1.84403241487607	1.29773357211255	0	0	0	0	0
TCACGGGCACATTCTT-1_SID192074	76: Dbh/Phox2b	0	0	0	0	0	0	0.955412994394196	0	1.60930992472075	0	0	0.58771556263926	1.43496263260045	0.58771556263926
TCAGTGATCACACCCT-1_SID192074	76: Dbh/Phox2b	0	0	0	0	0	0	1.09548873990668	0	0.690805434142162	0	0	1.09548873990668	0	0
TCGGATATCCACAAGT-1_SID192074	76: Dbh/Phox2b	0	0	0	0	0	1.06923266812781	0	0	1.06923266812781	0	0	1.90797533429879	0	0
TCGTAGATCGGTCTAA-1_SID192074	76: Dbh/Phox2b	0	0	0	0	0	0	0	1.30356564592226	0	0	0	0	0	0
TCTAACTTCGCGTTTC-1_SID192074	76: Dbh/Phox2b	0	0	0	0	0	0	0.880799703562143	0	0.880799703562143	0	0	2.0874273715291	0	0
TGCATCCCATTGCCTC-1_SID192074	76: Dbh/Phox2b	1.36797774859458	0	0	0	0	0	0.68097345864839	1.58988818055765	0	0	0	0.68097345864839	1.0823475019942	1.0823475019942
TGCGGCAAGGATTTAG-1_SID192074	76: Dbh/Phox2b	0	0	0	0	0	0	1.0797734269717	0	1.92162291973816	0	0	0	0	0
TGCTCCACATGACTAC-1_SID192074	76: Dbh/Phox2b	0	0	0	0	0	0	0.494047744503241	0	1.26856523430367	0	0	0.823242384249415	0	0
TGGAGGACACGCCACA-1_SID192074	76: Dbh/Phox2b	0	0	0	0	0	0	0	0	0	0	0	0.72544187216305	0	0
TGTGGCGAGACTAGAT-1_SID192074	76: Dbh/Phox2b	0	0	0	0	0	0	0.985646318895353	0	1.47226247772145	0	0	0.985646318895353	0	0
TGTTCATAGGTCCGAA-1_SID192074	76: Dbh/Phox2b	0	0	0	0	0	0	0	0	0	0	0	1.80706080514626	0	0
TTGCGTCTCGTGCAGC-1_SID192074	76: Dbh/Phox2b	0	0	0	0	0	0	0	0	0	0	0	1.59269054257672	0	0
AAAGTCCAGTTGCCTA-1_SID192075	76: Dbh/Phox2b	0.688036648213548	0	0	0	0	0	0	0	0	0	0	0.688036648213548	0	0
AACCACAAGATCGCCC-1_SID192075	76: Dbh/Phox2b	0	0	0	0	0	0	0	0	1.15825132142965	0	0	2.02195542015221	0	0
ACAACCATCGCTTGCT-1_SID192075	76: Dbh/Phox2b	2.56078717386044	0	0.785999982648881	0	0	0.785999982648881	0	0.785999982648881	0	0	0	0.785999982648881	0	0
ACAAGCTGTGATTCTG-1_SID192075	76: Dbh/Phox2b	0	0	0	0	0	0	0	0.536243121665061	0	0	0	0.536243121665061	0	0
ACGTAACAGACGGATC-1_SID192075	76: Dbh/Phox2b	0	0	0	0	0	0	0	0.969107235886361	0	0	0	0.969107235886361	0	0
AGAAATGCAATTCGTG-1_SID192075	76: Dbh/Phox2b	0	0	0	0	0	0	0	0	0	0	0	0	0	0
AGACAGGAGCGACTTT-1_SID192075	76: Dbh/Phox2b	0	0	0	0	0	0	0.768845139027846	0	1.19832094082474	0	0	1.91491579377973	0	0
AGGTGTTGTATCAGGG-1_SID192075	76: Dbh/Phox2b	0	0	0	0	0	0	0.588748280490283	0	0.588748280490283	0	0	0.956842666681348	0	0
AGTGATCAGCATCCCG-1_SID192075	76: Dbh/Phox2b	0	0	0	0	0	0	0.990036210065474	0	0.990036210065474	0	0	1.47765672394385	0.612840167347669	0
ATCACTTTCCCGAGAC-1_SID192075	76: Dbh/Phox2b	0	0	0	0	0	0	0	1.48788243104323	0.86334716781485	0	0	1.48788243104323	0	0
ATCGTGATCATTTGGG-1_SID192075	76: Dbh/Phox2b	0	0	0	0	0	0	0	0.824858707288101	2.16209816662043	0	0	0	0	0
ATTCATCGTGAATGTA-1_SID192075	76: Dbh/Phox2b	0	0	0	0	0	0	0	0.618907369249803	0	0	0	2.25852664715924	0	0
ATTCTACAGTTCTACG-1_SID192075	76: Dbh/Phox2b	0	0	0	0	0	0	0	0	0	0	0	0	0	0
CACGTTCCAATTGTGC-1_SID192075	76: Dbh/Phox2b	0	0	0	0	0	0	0	0	0.843581864073982	0	0	1.29455113314201	0	0
CAGATTGGTTATGACC-1_SID192075	76: Dbh/Phox2b	0	0	0	0	0	0	0.995005484324552	0	1.81061680097097	0	0	1.48375639443779	0	0
CATAGACTCCATGAGT-1_SID192075	76: Dbh/Phox2b	0	0	0	0	0	0.766370235148754	0	0.766370235148754	0.766370235148754	0	0	1.19509815321738	0	0
CATGGTACACTCTGCT-1_SID192075	76: Dbh/Phox2b	0	0	0	0	0	0.995543028427131	0.995543028427131	0	0.616858153803607	0	0	0.995543028427131	0	0
CCCGGAACAGACCAAG-1_SID192075	76: Dbh/Phox2b	0	0	0	0	0	0	0.810236398107597	0.810236398107597	0	0	0	0.810236398107597	0.810236398107597	0
CCTGCATGTATACCCA-1_SID192075	76: Dbh/Phox2b	0	0	1.20572565315335	0	0	0.774538506104775	0.774538506104775	0.774538506104775	1.20572565315335	0	0	0	0	0
CGTTGGGTCCGAGGCT-1_SID192075	76: Dbh/Phox2b	0	0	0	0	0	1.12327369286528	0	1.41399611329836	0.711700016331255	0	0	1.63895944628734	0	0
GAGACTTTCTAAGGAA-1_SID192075	76: Dbh/Phox2b	0.894678860028777	0	0	0	0	0	0	0.544226543854096	0.544226543854096	0	0.544226543854096	0.894678860028777	1.80219234437333	1.80219234437333
GAGGGTATCACAGTGT-1_SID192075	76: Dbh/Phox2b	0	0	0	0	0.802142813449524	0	0	0	0	0	0	1.24145063066664	0	0
GATTCTTAGAGGTCAC-1_SID192075	76: Dbh/Phox2b	0	0	0	0	0	0	0	0	0	0	0	0.767667472844854	0	0
GCACGGTCAAGAGGTC-1_SID192075	76: Dbh/Phox2b	0	0	0	0	0	0	0	1.31934697174733	0	0	0	1.0393287042165	0.649017223424172	1.53786388845142
GCTTGGGGTGCATTTG-1_SID192075	76: Dbh/Phox2b	0	0	0	0	0	0	0	0	0	0	0	1.03879754512904	0	1.03879754512904
GGTGAAGCAAACTAGA-1_SID192075	76: Dbh/Phox2b	0	0	0	0	0	0	0.849590125001239	1.61264561366087	0.849590125001239	0	0	2.46040087828704	0	0
GGTGTTAGTAAGTTGA-1_SID192075	76: Dbh/Phox2b	0	0	0	0	0	0.755735970227494	0	0	1.1812227481949	0	0	0	0	0
GTAACACCAGGATGAC-1_SID192075	76: Dbh/Phox2b	0	0	0	0	0	0	0	0.595133283943352	0	0	0	0	0	0
GTAATCGGTCTACGAT-1_SID192075	76: Dbh/Phox2b	0	0	0	0	0	0	0	0	0	0	0	2.02802016587575	0	0
GTTGCTCTCTACCACC-1_SID192075	76: Dbh/Phox2b	0	0	0	0	0	0.695505494706467	0.695505494706467	0	0.695505494706467	0	0	0.695505494706467	0	0
TAGACCACACCAGTTA-1_SID192075	76: Dbh/Phox2b	0.830441224072117	0	0	0	0	0	1.2777793368721	0	1.58575824767944	0	0	0	0	0
TAGGTTGCAGAGACTG-1_SID192075	76: Dbh/Phox2b	0.47922169448061	0	0	0	0	0	0.801837528890061	0	0.801837528890061	0	0	1.04537017577568	0	0
TCACAAGTCCCAATAG-1_SID192075	76: Dbh/Phox2b	0	0	0	0	0	0	0	1.18446751596945	0.563217996293428	0	0	0.563217996293428	0	0
TCACGCTGTATAGGGC-1_SID192075	76: Dbh/Phox2b	0	0	0	0	0	0	0	0.625705899764413	1.00764051046238	0	0	0.625705899764413	0	0
TCACTCGGTAGGACCA-1_SID192075	76: Dbh/Phox2b	0	0	0	0	0	0	0	0	1.03061045289451	0	0	1.03061045289451	0	0
TCATTTGGTTGGGATG-1_SID192075	76: Dbh/Phox2b	0	0	0	0	0	0	0	1.33912719285008	1.89181946324582	0	0	0	0	0
TCGCAGGGTCCACGCA-1_SID192075	76: Dbh/Phox2b	0	0	0	0	0	0	0	0	0	0	0	0	0	0
TCTACCGAGAAGCGCT-1_SID192075	76: Dbh/Phox2b	1.39696348306971	0	0	0	0	0	0	0.700272561289123	1.39696348306971	0	0	0.700272561289123	1.10810155833913	0
TCTGTCGCAAAGTATG-1_SID192075	76: Dbh/Phox2b	0	0	0	0	0	0	0	0	1.01174411546567	0	0	1.28801724273106	0	0
TTTCACAGTTGCACGC-1_SID192075	76: Dbh/Phox2b	0	0	0	0	0	0	0	0.680347555063942	0.680347555063942	0	0	1.08150945386074	0	0
ACAAGCTCAGTCAGTT-1_SID192072	97: Gfral/Sctr	0	0	0	0	0	1.37478077060808	0	0.907090488910934	1.692181208389	0	0	1.37478077060808	0	0
AGAGAATAGCAGTAAT-1_SID192072	97: Gfral/Sctr	0	0	0	0	0	0	0	0.721777926611636	0	0	1.42893883950015	0.721777926611636	0	0
GGGTAGACAATTGCGT-1_SID192072	97: Gfral/Sctr	0	0	0	0	0	0	0	0.754480587700415	0	2.75012498721006	0	2.59462568303322	0	0
GGTGTTACACCTTCGT-1_SID192072	97: Gfral/Sctr	0	0	0	0	0	0	0	0	0	0	0	0	0	0
TAATTCCTCGACACTA-1_SID192072	97: Gfral/Sctr	0	0	0	0	0	0	0	1.15199574922798	0.543196422908013	0	2.10596262976118	0.893227382943232	0	0
TATACCTGTGGACTAG-1_SID192072	97: Gfral/Sctr	0.744679568383723	0	0	0	0	0.440113387664492	0	0.744679568383723	0	0	1.32559285101562	1.8762281927625	0	0
TGAACGTCAGACCAAG-1_SID192072	97: Gfral/Sctr	0	0	0	0	0	0	0.782182999667968	0	0	0	1.74832268440137	1.51704163256299	0	0
AACGTCATCAGCATTG-1_SID192073	97: Gfral/Sctr	0	0	0	0	0	1.76920366368494	0	0	0	2.5775959831465	1.23346073735658	2.74717732949102	0	0
AATCGTGTCAAGGTGG-1_SID192073	97: Gfral/Sctr	0	0	0	0	0	0.798831723451122	0	0	0	1.54090790486032	0	3.32879630838683	0	0
ATTCGTTAGACCAACG-1_SID192073	97: Gfral/Sctr	1.51247414614877	0	0	1.01847621421293	0	0	0	1.01847621421293	0	0	0	0	0	0
CACCAAACAGAGGGTT-1_SID192073	97: Gfral/Sctr	0.915271944143331	0	0	0	0	0	0	1.70335857875318	0.915271944143331	0	0	1.38502071419739	0	0
CATCCGTTCGCATTAG-1_SID192073	97: Gfral/Sctr	0.894166000259985	0	0	0	0	0	0	0	1.35856110646736	0	0	1.35856110646736	0	0
CCACGTTAGGGCGAAG-1_SID192073	97: Gfral/Sctr	0	0	0	0	0	0	0	1.1956607434109	1.1956607434109	2.32463667804732	0	1.72481496120673	1.1956607434109	0
CTACCTGCAAGTTGGG-1_SID192073	97: Gfral/Sctr	0	0	0	0	0	0.972571567772745	0	0	0	1.45616404108038	0	2.12838833518626	0	0
CTCAAGATCTAATTCC-1_SID192073	97: Gfral/Sctr	0	0	0	0	0	0	0	1.07926022030567	1.58617008078693	0	1.07926022030567	0	0	0
GGATCTAGTATAGCTC-1_SID192073	97: Gfral/Sctr	0	0	0	0	0	1.59198883856975	0	0	0.682277241006653	0	1.59198883856975	1.0840926196186	0	0
GTTACCCTCGGCAGTC-1_SID192073	97: Gfral/Sctr	0	0	0	0	0	1.28152637812289	0.833372874010891	0.833372874010891	1.58988818055765	3.0826926907926	0	1.82523736162356	0	0
TACGTCCCAAACGTGG-1_SID192073	97: Gfral/Sctr	0	0	0	0	0	0	0	0	0	0	0	0	0	0
TCACGGGCACAGCCAC-1_SID192073	97: Gfral/Sctr	0.692048992459759	0	0.287133129153818	0	0	0.509947169788401	0.287133129153818	0.287133129153818	0.509947169788401	0	0	0	0	0
TCCACCATCCCTGGTT-1_SID192073	97: Gfral/Sctr	0	0	0	0	0	2.34905629333309	0	1.42516878758686	0	0	0	1.99021672505133	0	1.42516878758686
TCGATTTAGCTGACCC-1_SID192073	97: Gfral/Sctr	0	0	0	0	0	0	0	0.805756898936108	0	0	0	1.97296240954775	0	0
TGTTTGTCAGCTTTGA-1_SID192073	97: Gfral/Sctr	1.13905617199793	0	0	0	0	1.13905617199793	0.723632404484391	0	0.723632404484391	2.62052318248946	0	0.723632404484391	0	0
TTGAACGAGGTCCCTG-1_SID192073	97: Gfral/Sctr	0.676712195530591	0	0	0	0	0	0	1.36153947030121	0	0	0	1.36153947030121	0	0
TTGAACGCAAGTTCCA-1_SID192073	97: Gfral/Sctr	0	0	0	0	0	0	0	0	0	0	0	0	0	0
AAAGAACCAGGAGACT-1_SID192074	97: Gfral/Sctr	0	0	0	0	0	1.20441632024726	0	1.20441632024726	1.20441632024726	0	0	2.33594715758974	0	0
AGGCTGCAGTGGTGGT-1_SID192074	97: Gfral/Sctr	0	0	0	0	0	0	0	0	1.96765013569172	0	1.11556184698188	1.11556184698188	0	0
AGGGTCCGTTTCTTAC-1_SID192074	97: Gfral/Sctr	0	0	0	0	0	1.0720046190624	1.0720046190624	0	0	0	0	1.91156841590416	0	0
AGGTTACCAATAGTCC-1_SID192074	97: Gfral/Sctr	0	0	0	0	0	0	1.48719288207427	0.997807589546144	0	0	0.997807589546144	1.81433379126659	0	0
ATCCCTGTCAGGAAGC-1_SID192074	97: Gfral/Sctr	0	0	0	0	0	0	0	0	0	1.63587332633801	0	0	0	0
ATCGGATTCCGTATGA-1_SID192074	97: Gfral/Sctr	0	0	0	0	0	0	0	0	0	1.3787668428104	0	3.67908258638818	0	0
CACTGAAAGGTTTACC-1_SID192074	97: Gfral/Sctr	0	0.346054345090811	0	0	0	0.806671511100012	0	0.346054345090811	1.12082936712781	0	1.12082936712781	0.602652758695021	0	0
CAGCAATGTGTTTGCA-1_SID192074	97: Gfral/Sctr	0.96300802043236	0	0	0	0	1.23236971993271	0	0	0.5932064891936	0	1.76792654314622	0.5932064891936	0	0
CCGCAAGAGGCCGCTT-1_SID192074	97: Gfral/Sctr	0	0	0	0	0	1.76464350542099	0	0.960561523218218	0.960561523218218	3.55181129112773	0	2.20451097442725	0	0
CCTAAGAAGAGCCGTA-1_SID192074	97: Gfral/Sctr	0	0	0	0	0	0.817443254765833	0	1.26112911032673	1.26112911032673	0	0	0	0	0
CGATCGGCACGAGGAT-1_SID192074	97: Gfral/Sctr	0	0	0	0	0	0	0	1.05854549336426	0	2.77617019869916	0	2.77617019869916	0	0
CGCAGGTGTCGTACTA-1_SID192074	97: Gfral/Sctr	0	0	0	0	0	0	1.61404041982282	0.850587525780985	0	0	0	1.30346795599205	0	0
GACTATGTCCTGGGAC-1_SID192074	97: Gfral/Sctr	0	0	0	0	0	1.29464731017615	0	0	1.01757299042977	0	1.01757299042977	2.45090458687554	0	0
GATCCCTCACTACCCT-1_SID192074	97: Gfral/Sctr	0.798831723451122	0	0	0	0	0	0	1.2371807071424	0	1.54090790486032	0	1.54090790486032	0	0
GCATCTCTCGCGCTGA-1_SID192074	97: Gfral/Sctr	0	0	0	0	0	0	0	0	0	2.87325333791181	0	1.71434605685442	0	0
GCATTAGCAAGCAATA-1_SID192074	97: Gfral/Sctr	0	0	0	0	0	0	0	0	2.17120002362077	0	1.41281948847807	0.937566821891027	0	0
GGAGATGGTCAAATCC-1_SID192074	97: Gfral/Sctr	0	0	0	0	0	0	0	0	0	0	1.11957684630102	2.4263756355054	0	0
GGGTCACTCTGCGGAC-1_SID192074	97: Gfral/Sctr	0	0	0	0	0	0	1.0269143046669	0	1.30526158949702	3.15296885872517	0	1.30526158949702	0	0
GGTGTTAAGCTAGATA-1_SID192074	97: Gfral/Sctr	0	0	0	0	0	0	0.791106687540094	0	1.22720263876079	0	2.24504641378672	1.52985532638948	0	0
GTAACACGTCATCCGG-1_SID192074	97: Gfral/Sctr	0	0	0	0	0	0.67924310852913	0.67924310852913	0.67924310852913	0	0	0.67924310852913	1.76847743915379	0	0
GTAGAGGGTTGTGCCG-1_SID192074	97: Gfral/Sctr	0	0	0	0	0	1.35566890901177	0	0.89186586345439	0.89186586345439	1.91083205068481	0	1.35566890901177	0	0
GTATTGGTCTTAGCCC-1_SID192074	97: Gfral/Sctr	0	0	0	0	0	0	0	0	0	0	2.76539935017192	1.38054700437752	0	0
GTCAAACTCATGTCTT-1_SID192074	97: Gfral/Sctr	0.617644654831972	0	0	0	0	1.27078932191928	0	0.617644654831972	0.617644654831972	0	1.27078932191928	0.996620003009657	0	0
GTCATGATCGCTTGAA-1_SID192074	97: Gfral/Sctr	0	0	0	0	0	0.71761450103766	0.71761450103766	0	1.1311041336747	1.42277444949045	0	1.42277444949045	0	0
GTCCTCACACGTCATA-1_SID192074	97: Gfral/Sctr	0	0	0	0	0	1.12236442903169	0	0	1.63787352389092	0	2.59768879025023	1.63787352389092	0	0
GTGAGCCAGTCTGGAG-1_SID192074	97: Gfral/Sctr	0	0	0	0	0	0	0	0	1.94112545093198	0	1.60497290740812	1.94112545093198	0	0
GTTGTCCGTTCTTCAT-1_SID192074	97: Gfral/Sctr	1.2508614657357	0	0	0	0	1.78954069751684	0	0	0.604926174778815	2.23121477756477	0	1.2508614657357	0	0
GTTGTGATCCCAAGTA-1_SID192074	97: Gfral/Sctr	0	0	0	0	0	0	0	0	0	2.17386585105859	0	3.08095633996953	0	0
TATACCTTCATCCCGT-1_SID192074	97: Gfral/Sctr	0	0	0	0	0	1.98928236544606	0.642626953128611	0	0	3.19614765668438	0	1.3095235119385	0	0
TATTTCGGTAGACGGT-1_SID192074	97: Gfral/Sctr	0	0	0	0	0	0.659619181372732	0	0	1.05365374326552	0	1.73523820799672	0.659619181372732	0	0
TCCATGCCAGGCAATG-1_SID192074	97: Gfral/Sctr	0	0	0	0	0	0	0	0.954233285403035	1.43350180099968	0	0.954233285403035	1.75613863415803	0	0
TCGAACATCACGGTCG-1_SID192074	97: Gfral/Sctr	0	0	0	0	0	0	0	2.18803317369721	0	2.18803317369721	0	1.09172666824295	0	0
TGCAGGCGTGCCTTCT-1_SID192074	97: Gfral/Sctr	0	0	0	0	0	1.74538954177025	1.21315041904357	1.74538954177025	2.09090045948391	0	0	2.09090045948391	0	0
TTCACCGGTTGTGCAT-1_SID192074	97: Gfral/Sctr	0	0	0	0	0	0	0	0	0	0	0	0	0	0
TTCAGGACAGCCATTA-1_SID192074	97: Gfral/Sctr	0	0	0	0	0	0	0	0.977611513238687	1.7874668445549	0	1.7874668445549	0	0	0
TTCCTAAGTAGCCAGA-1_SID192074	97: Gfral/Sctr	0.525709466189073	0	0	0	0	1.12329702869061	0.868493296532109	0	1.12329702869061	2.2300039880401	0	1.76500647479887	0	0
TTCGATTAGGAATTAC-1_SID192074	97: Gfral/Sctr	0.509018842532634	0	0	0	0	0	0.844715743896544	0.509018842532634	1.46285958707441	0	1.2959954953709	1.94203446976063	0	0
TTGATGGTCTATGTGG-1_SID192074	97: Gfral/Sctr	0	0	0	0	0	0.585061939890817	0	0.585061939890817	1.21944445230524	0	1.43040901269417	1.88186144232422	0	0
TTTCAGTGTAGGGTAC-1_SID192074	97: Gfral/Sctr	0	0	0	0	0	1.01185552657483	0	0	0	2.81877445741025	0	1.50438858395787	0	0
TTTGATCAGGCTCACC-1_SID192074	97: Gfral/Sctr	0	0	0	0	0	0	0	0	2.11835332713698	0	0.901577429638303	0.901577429638303	0	0
AAACCCACACCGTGGT-1_SID192075	97: Gfral/Sctr	0	0	0	0.57659671311271	0	0	0.57659671311271	0	0	2.17471804037864	0	2.54156698630804	0	0
AATGACCAGTGCTAGG-1_SID192075	97: Gfral/Sctr	0	0	0	0	0	0	1.45352093560121	0	0	1.77786787361648	0	0	0	0
AGACCCGGTCTTGTCC-1_SID192075	97: Gfral/Sctr	1.16823537917702	0	0	0	0	1.69242227936242	0	0	1.16823537917702	3.46662203489138	0	1.16823537917702	0	0
AGCGCCAAGGCATCAG-1_SID192075	97: Gfral/Sctr	0	0	0	0	0	0	0	0	0	0	0	0	0	0
AGGACGATCGAAGCCC-1_SID192075	97: Gfral/Sctr	0	0	0	0	0	0	0	0	0	0	2.30024843335264	2.30024843335264	0	0
AGGTAGGCAACAACAA-1_SID192075	97: Gfral/Sctr	0	0	0	0	0	0	0	0	0	2.71854755581594	0	1.65774927696529	0	0
AGGTCTAGTACAGCGA-1_SID192075	97: Gfral/Sctr	0	0	0	0	0	0	0	0	0	0	0	1.57453253026863	0	0
ATCCATTGTACAGAGC-1_SID192075	97: Gfral/Sctr	0	0	0	0	0	0	0	1.05940665267218	0	0	0	2.7774065362849	0	0
ATGATCGCACTCCACT-1_SID192075	97: Gfral/Sctr	1.25508925839795	0	0	0	0	0	0	0	2.4008550673183	0	0	1.25508925839795	0	0
ATGTCTTGTCGGTAAG-1_SID192075	97: Gfral/Sctr	0	0	0	0	0	1.54283277281901	0	0	1.8743733445256	0	0	1.72228048160233	0	0
CACACAATCCGCTAGG-1_SID192075	97: Gfral/Sctr	0	0	0	0	0	0	0	0	0	0	0	0	0	0
CCCAACTTCTGTGCTC-1_SID192075	97: Gfral/Sctr	0	0	0	0	0	0.520752275852077	0.861448811330719	0	0.520752275852077	0	1.86661146634703	0.520752275852077	0	0
CCTCCAACAAGAGAGA-1_SID192075	97: Gfral/Sctr	0	0	0	0	0	0	0	1.3784706639633	0	0	0	1.09166092006083	0	0
CGACAGCTCAAGGACG-1_SID192075	97: Gfral/Sctr	0.740322456048738	0	0	0	0	0.740322456048738	0.740322456048738	0	0	2.79438449595468	0	2.27961240633864	0	0
CGCCAGAAGGGTTAGC-1_SID192075	97: Gfral/Sctr	0.742335663410549	0	0	0	0	0	0	0.742335663410549	0	0.742335663410549	0	1.87244553593504	0	0
CGGCAGTTCCATCAGA-1_SID192075	97: Gfral/Sctr	0.750445327509882	0	0	0	0	0	0	0	0.750445327509882	0	0	0.750445327509882	0	0
CTCAACCCACGGAAGT-1_SID192075	97: Gfral/Sctr	0	0	0	0	0	0	0.773908537204404	0.773908537204404	1.50511527958869	0	0.773908537204404	1.50511527958869	0	0
GACCAATAGCGTCGAA-1_SID192075	97: Gfral/Sctr	0	0	0	0	0	0	0	0	0	1.34193895034882	0	2.24911752858732	0	0
GAGCTGCCAGAGAGGG-1_SID192075	97: Gfral/Sctr	0.911428461492703	0	0	0	0	0	0	0	1.38021282013001	0	1.69811184550911	0.911428461492703	0	0
GATGTTGTCAGTCCGG-1_SID192075	97: Gfral/Sctr	0	0	0	0	0	1.49546381293854	0	0	1.00455896262885	0	0	1.00455896262885	0	0
GCCCAGATCAGGTGTT-1_SID192075	97: Gfral/Sctr	0	0	0	0	0	0	0	0	0	2.4859064068111	0	2.0290954104359	0	0
GCCGATGCAATGGGTG-1_SID192075	97: Gfral/Sctr	0	0	0	0	0	1.24276438939687	0	0	1.24276438939687	0	0	1.54708771787082	0	0
GCGTTTCAGCAACTCT-1_SID192075	97: Gfral/Sctr	0	0	0	0	0	0	0	0	0	0	2.43888461733157	1.8293964807525	0	0
GGGTGTCCAAACGGCA-1_SID192075	97: Gfral/Sctr	0	0	0	0	0	1.61232414870373	0	0	0	0	1.61232414870373	0	0	0
GTAATCGTCTCGACCT-1_SID192075	97: Gfral/Sctr	0	0	0	0	0	0.926183690294158	0	0.926183690294158	0.56669215947313	2.23929414139148	0	2.31738806956212	0	0
GTCACTCTCATGACAC-1_SID192075	97: Gfral/Sctr	0	0	0	0	0	0	0	0.71302322749836	0	0	0	1.12502685301476	0	0
TACTTACCACCTGATA-1_SID192075	97: Gfral/Sctr	0	0	0	0	0	0	0	0	1.77352254855879	0	1.77352254855879	1.77352254855879	0	0
TCAATTCAGCTAGAGC-1_SID192075	97: Gfral/Sctr	0	0	0	0	0	1.07011295053899	0	0	0	3.17757478842262	0	0	0	0
TCATACTCAGCAGATG-1_SID192075	97: Gfral/Sctr	0	0	0	0	0	0	0	0	0	0.932678526775046	0	0	0	0
TGATTTCGTCCCGTGA-1_SID192075	97: Gfral/Sctr	0	0	0	0	0	0	0	0	0	2.1367642563983	0	0	0	0
TGATTTCGTCTCAGAT-1_SID192075	97: Gfral/Sctr	0	0	0	0	0	1.12610511533146	0.527411853679435	0	1.64233975171019	0	1.64233975171019	0	0	0
TGCCGAGGTTTGCCGG-1_SID192075	97: Gfral/Sctr	1.39285505831537	0	0	1.10444614146401	0	0	1.10444614146401	0.697525757725778	0	0	0	0	0	0
TGCTCCAGTTCGAGCC-1_SID192075	97: Gfral/Sctr	0	0	0	0	0	0	0	0	1.79677704122003	0	0	0	0	0
TGCTTCGCACTTACAG-1_SID192075	97: Gfral/Sctr	0.646108115811354	0	0	0	0	0.646108115811354	0	0	1.99561170456737	0	1.31487911952748	0	0	0
TGGGAGATCTTCCAGC-1_SID192075	97: Gfral/Sctr	0	0	0	0	0	0	0	0	0.926183690294158	0	1.71821436207196	1.39864534214568	0	0
TGTGATGAGTGCACCC-1_SID192075	97: Gfral/Sctr	0	0	0	0	0	0	0	0.595571329579993	0	0	0.595571329579993	0.96627414888355	0	0
TTGATGGTCACCATAG-1_SID192075	97: Gfral/Sctr	0.929883114973156	0	0	0	0	0.929883114973156	0	0.929883114973156	2.6951619390327	0	0	1.72323770929917	0	0
