Cell_ID	Tal1	Nell1	Pkd1l2	Gata3	Kcnmb2	Slc44a5	Gnasas1	Dlk1	Gad2	Zfpm2
AACCTGAGTCCTTGTC-1_SID192072	0	1.63554053633674	0	0	0	0	1.12041151701069	1.97385143125576	0	2.73843778067735
AACGGGATCTACTATC-1_SID192072	0	2.64727603112217	0	0	1.52103597260657	1.21924840588811	0	0.78496100516943	0.78496100516943	1.52103597260657
AAGAACAAGTCGTTAC-1_SID192072	0	2.17237096816587	0	0	2.17237096816587	0	0	0	0	3.94282342268329
AAGTCGTTCGCCCAGA-1_SID192072	1.11349754320914	1.9650079517119	0	1.62727381289272	1.11349754320914	0	0	0	1.11349754320914	1.11349754320914
AAGTTCGTCGGTCGGT-1_SID192072	0	2.73728976883888	0	0	0	2.56783420600445	0	0.589176704955927	0.589176704955927	0.957435601798442
ACACAGTTCAACTACG-1_SID192072	1.14838111450626	2.63321930428093	0	0	0.730704080836719	2.2630473955986	0.730704080836719	0	0	3.06592512811405
ACCATTTGTAGGATAT-1_SID192072	0.508965899531798	2.03283462619696	0	0	0	0	1.09551082406415	0	1.29589909063599	2.7037054522921
ACCGTTCCAGAGGGTT-1_SID192072	0	0	0	0	0	0	0	0	1.07734044392129	0
AGAAGCGGTCGACTGC-1_SID192072	0.668214474498369	2.66099460319901	0	0	1.06522859830239	0.668214474498369	0.668214474498369	0	0	1.90277992121162
AGAGAATAGCGAGTAC-1_SID192072	0	1.3631966075373	0	0	0	0.897855406741489	0	0	1.91946872987575	0.897855406741489
AGCCACGGTCACATTG-1_SID192072	0	1.4176344664646	0	0	0.811347108705795	0	0.811347108705795	0	1.55873699223373	2.14072820569989
AGGAATATCCAAGCCG-1_SID192072	0	0	0	0	0	1.30493505657455	0	0	1.85236828239241	1.30493505657455
AGTGACTCATGTTACG-1_SID192072	0	0.653188868258342	0	0.653188868258342	1.5447150425081	1.72424673944707	0.653188868258342	0.653188868258342	1.5447150425081	2.56353041433591
ATCACAGAGTGGCAGT-1_SID192072	0	1.55819396201845	0	0	2.77264731793536	1.05609343683579	1.55819396201845	1.05609343683579	1.05609343683579	3.30511372948185
ATCATTCAGCACTCAT-1_SID192072	1.17129873615663	0	0	0	1.88182100325121	2.17380008287301	0.74815130169732	0	1.46770608810506	3.32194341993588
ATGAGGGAGTCAGCGA-1_SID192072	0	0	0	0	0.879890694791891	1.34058345455238	0.879890694791891	0	0	3.59087804157507
CATGAGTAGGGCCAAT-1_SID192072	0	2.27728598180569	0	0	1.80898901868442	1.15925120806582	1.36525646630933	1.36525646630933	1.53598710978759	2.74622146371765
CATGGTAAGACCACGA-1_SID192072	0	1.25670548462316	0	0	0	2.14493407592794	1.25670548462316	0	1.98575774096675	2.77776009383232
CATTCATAGGCACTAG-1_SID192072	0.547586891244447	2.11514107745165	0	0	0	0.547586891244447	0	0	0.547586891244447	0.899409467534562
CCACACTAGCATACTC-1_SID192072	0	2.28802308201963	0	0.745231616417739	2.16888290239465	1.16747231980682	1.4634378239766	0.745231616417739	2.03360389962484	2.86812277860605
CTGCTCACAGTCACGC-1_SID192072	0	2.38258241729151	0	0.877421691670905	1.33746732311428	0	0	1.33746732311428	1.88990905058553	2.88235638949303
GAAGAATCAAAGCTAA-1_SID192072	0.765938843454237	2.69544810697013	0	0	1.4935867112408	0.765938843454237	0.765938843454237	0	1.1945361536712	1.91029251344242
GAAGGACCAAACTCTG-1_SID192072	0	0	0	0	0	2.04153363933547	0	0	2.34020625987094	2.20197941541784
GCATTAGAGGAGCTGT-1_SID192072	0	3.13401280497296	1.53922832866721	0	2.11890071891439	2.11890071891439	0	0	0	0
GGCTTTCTCGCAGTTA-1_SID192072	0	0	0	0	0	0	0	0	1.69896325515062	1.69896325515062
GGGCTCACATAATCCG-1_SID192072	0.355092074433876	1.26916257134382	0	0.61660298564301	1.26916257134382	0.355092074433876	0	0	0.995193553353812	2.68389296406549
GGTCACGGTTGCTCAA-1_SID192072	0.718179289737794	0	0	0.422222608989553	0	0	0	0	0	2.5713140590013
GGTTCTCCAACTGATC-1_SID192072	0	1.79155116627148	0	0.606022189154796	1.25258442576069	2.31888901605165	0.606022189154796	0.980673029862262	0.980673029862262	1.92159921341767
GTAGGAGAGACCATAA-1_SID192072	0	0.677903578765491	0	0	1.07823540807941	0.677903578765491	0	0	0.677903578765491	2.27497706325135
GTCCTCATCGTTCGCT-1_SID192072	0	1.74285734969923	0	0	2.54820338561694	1.74285734969923	1.93036966257766	0.778595942062453	1.51187679201823	3.04609241999111
GTGAGGAGTAACTAAG-1_SID192072	1.29464731017615	0	0	0	0	1.29464731017615	0	1.84045709961207	1.29464731017615	2.45090458687554
GTGTGGCGTCGAAACG-1_SID192072	0	2.39449313751414	0	0	3.30144814004129	0.808852509256555	1.25009083721803	1.25009083721803	2.1367642563983	2.91423042796673
TAACGACGTCTAGATC-1_SID192072	0.691999160767783	0	0	0	0.691999160767783	1.94394130746743	0	0	2.07743164131095	2.77043510286006
TCAGTGAGTCTTGTCC-1_SID192072	0	1.3053269184011	0	0	1.85282159978188	2.20460666176046	1.3053269184011	2.20460666176046	0	2.67031194149789
TCATATCCACCCGTAG-1_SID192072	0	2.47934476679937	0	0	0	0.861488270068121	0	0.861488270068121	1.86666923105823	0.861488270068121
TCATCCGCACATCATG-1_SID192072	0.657147739476157	2.49744274220717	0	0	0	0.657147739476157	0.657147739476157	0.657147739476157	1.55119985598549	2.70399030279625
TCCCAGTCATCTCGTC-1_SID192072	0.459464795619209	1.01148425959319	0	0	1.36510444280738	1.6258199627789	0.459464795619209	0	1.20384448628366	2.6682143448621
TCCTCTTCAAGAGAGA-1_SID192072	0	0	0	0.448214780306668	0	0	0	0	0	3.79649199858306
TCGCACTTCCCACAGG-1_SID192072	0	2.55152779003808	0	0	0.730034986779741	1.66782244355826	0	1.66782244355826	1.66782244355826	2.70651513825056
TCTTTGATCCATACAG-1_SID192072	0	1.50793908316206	0	0	0.630927460306772	0.630927460306772	0	0	1.01476158156167	2.65255806496513
TGATCTTAGACGCCCT-1_SID192072	1.03037859653192	1.03037859653192	0	0.642413337355908	1.52698044559675	0.642413337355908	0	0	0.642413337355908	3.39564949216009
TGCGATAGTACCATAC-1_SID192072	0	2.03074704939212	0	0	0	1.63653939971336	1.24772636850809	0.602933630893043	1.46091198528097	1.63653939971336
TGGGAAGAGAATTGTG-1_SID192072	0	1.61921583974762	0	0	1.30817594917926	0.854291836442061	0	0.854291836442061	2.04750560802513	2.57622313140919
TGTTACTAGAGAGCAA-1_SID192072	0.969869139593787	0	0	0	0.598176744886534	0	0	0	1.77711912690346	2.80682063911015
TTCAATCTCACATACG-1_SID192072	0	1.5730164873976	0	0.567716519976843	0	0	1.19170837270962	0.567716519976843	1.72015661135915	2.63848398989578
AAGTGAATCGATACAC-1_SID192073	0	0.818079411896209	0	0	0	0.818079411896209	1.56828877738297	1.26194543880559	1.56828877738297	2.51731655745414
AGGCCACAGGTAACTA-1_SID192073	0.449875701914228	1.48358066810131	0	0.994862245209796	0	0	0	0	1.18554475736965	2.86079420760932
AGGTTACTCTGTCCCA-1_SID192073	0	0	0	0	0	0	0	0	0	0
CCGAACGGTGAGATAT-1_SID192073	0.772025065737189	0	0	0	0	1.20245827033806	1.50239443955336	0	1.50239443955336	3.18977186678287
CTGAATGCAGAGGCAT-1_SID192073	0	0	0	0.625867722536466	1.49950498597359	1.00786140486471	0	0	1.67697298327011	2.35788219165125
GAAGTAAGTGGCAGAT-1_SID192073	0	0	0	0	1.46403362797151	0.745638936742246	0.745638936742246	0	0.745638936742246	0
GGGCTACCAGAATTCC-1_SID192073	0.549097504798399	2.3525139536359	0	0	1.16160850010903	0	0	1.53868220698425	1.9247617713955	3.28125444577216
GTTACCCCACTTGTCC-1_SID192073	0.302957586755725	2.86967465188098	0	0.302957586755725	1.4314382131363	1.13883962658502	0.723468374274907	0.302957586755725	1.01858923952589	2.76392604395938
GTTAGTGTCGATGCTA-1_SID192073	0.677164408811073	2.74240835795063	1.47910367202904	0.394838360365923	2.27362959456693	1.76497781255176	0.394838360365923	0	1.22985145718598	1.07724465137415
TCCGTGTTCATGACAC-1_SID192073	0	0	0	0	1.09927940010046	0	0	1.61023839276502	1.61023839276502	2.70898403254681
TCGGATATCTGTTGGA-1_SID192073	0.564360280967282	2.23447203022577	0	0	0	0.922926737149733	0.564360280967282	0	0.922926737149733	2.45242790148355
TCTTAGTGTCCAAAGG-1_SID192073	0	0	0	0	1.92996679913168	1.37235788648286	1.37235788648286	1.92996679913168	0	3.20100207813471
TGTCCACCAGCTAACT-1_SID192073	0	0	0	0.853362556070026	2.34494424263712	2.2781824935944	0.51507476957406	0.51507476957406	0.853362556070026	0.51507476957406
TGTGATGTCCATAGAC-1_SID192073	0.606060055749923	2.03673701337586	0	0	2.13991911836786	0.606060055749923	0.606060055749923	0	1.25264393362992	3.00387268801802
TTGAGTGGTGGATGAC-1_SID192073	0	2.02151334401048	0	0	1.15790181300619	1.15790181300619	0.546819446943894	1.15790181300619	0.898329650740357	2.02151334401048
TTGAGTGTCACGAGGA-1_SID192073	0	1.79184280742283	0	0	0	1.60951791723443	0.693197184310237	1.60951791723443	1.09867895977954	0
ACGTCCTCAGAGGGTT-1_SID192074	0	2.58701526350184	1.865976355162	0.861015018217871	3.43535183351788	2.21848185153062	0	0	1.62858967852153	1.62858967852153
ACTCCCATCGACCAAT-1_SID192074	0	2.79714570836609	0	0	0	0.997267398218852	0.997267398218852	0	0	3.06946439603093
AGGTTACGTAGAGTTA-1_SID192074	0.614549965869109	1.65710780956357	0	0.614549965869109	0	0.614549965869109	0	0	0.614549965869109	2.55595062817341
AGTACCACAATGTGGG-1_SID192074	0	2.10244010084322	0	0	0	0	0.706353909494712	0	2.10244010084322	2.4217792622481
AGTGCCGTCTCTCTTC-1_SID192074	0.864896134293297	0.864896134293297	0	0	1.63398968609368	1.63398968609368	0	0	1.32162752087085	0
CAACAACGTTGCGGCT-1_SID192074	0	2.29427036648569	0	0	1.57311744808914	1.26631943457898	0.821489976431331	1.26631943457898	1.57311744808914	3.12042696660015
CCCTCAACACTTCCTG-1_SID192074	0.751272419326024	2.87894177506546	0	0.751272419326024	1.88683889728969	1.17538531388316	0.751272419326024	1.70088277174994	1.70088277174994	3.57544640774623
CCCTGATCATGGGAAC-1_SID192074	1.32182917796042	0	2.22471274565542	0	2.86229517162776	1.8718867971682	0	1.8718867971682	2.22471274565542	2.48499832142028
CCGGTGACAACTGCTA-1_SID192074	0	2.32183320162526	0	0	0	0	0	0	0	0.454030861287084
CTGTACCAGGTTGCCC-1_SID192074	1.16534163265356	1.68899495816295	0	0	3.03798515734862	1.16534163265356	1.68899495816295	0	1.16534163265356	1.68899495816295
TAATTCCTCCGGACGT-1_SID192074	0	2.51385490278823	0	0	0	1.5653087827707	0	1.39310153396651	1.18494018247479	3.36738977693262
TACCCGTTCCGCTAGG-1_SID192074	0	3.23530266255373	3.28221734081833	0	2.89535066200119	2.25600927223065	0.797823868711028	0	1.96058981994748	2.82548595424078
TAGATCGGTGAACTAA-1_SID192074	0	0	0	0	1.1834186486677	0	0	0	0.562567390298028	2.98968016468594
TAGGTACTCATCCTAT-1_SID192074	0	2.61755880632978	0	0.848901067143419	0.848901067143419	1.10048244684075	1.46849463343264	0.511948138316187	1.10048244684075	3.10875887706139
TCGTCCACACATACTG-1_SID192074	1.0693583257856	1.90813827921168	0	1.0693583257856	1.90813827921168	1.57422904156658	0	1.57422904156658	1.0693583257856	3.17647393773925
TGCTCGTGTCCTCATC-1_SID192074	0	2.095576271189	0	0	1.51843218067683	1.51843218067683	0	2.095576271189	1.84807577775508	2.83572669756275
TTCCTTCCATTCTCTA-1_SID192074	0	0	3.11642961216381	0	2.77856875739596	2.46664370351426	0	0	2.26449550610435	2.63471939683541
AATCACGGTGAATTAG-1_SID192075	0	1.32493007620497	0	0	2.32301572498842	0	0.652658862641126	0.652658862641126	1.04425519403636	2.40937893925599
AATGGCTTCGGTGCAC-1_SID192075	0	0	0	1.74969568161059	0	2.35191829274565	0	0	1.74969568161059	1.74969568161059
AGGATCTAGCTTCTAG-1_SID192075	0	2.53966494016965	1.08041568761965	1.58756191711346	2.53966494016965	2.53966494016965	0	0	2.37299876176641	1.58756191711346
AGTCAACTCGCCTCTA-1_SID192075	0	3.03128597709759	0	0	2.16890072807734	1.33964687019993	1.50898066867466	0	1.33964687019993	2.2463411830498
ATGACCATCAAGGACG-1_SID192075	1.86770977587311	0	0	0	1.31821006104027	0	1.86770977587311	0	0	3.59943191310007
ATGCCTCAGACATATG-1_SID192075	0	2.15050243102918	3.05578233412738	1.26121975459552	2.61363851288714	1.80161879265821	0	0	1.26121975459552	1.80161879265821
ATGGGAGTCTATCGGA-1_SID192075	0	2.32901673826254	3.24704498556665	0	2.59204963521647	1.40836896378753	0	0	1.40836896378753	1.97109886092737
CAGAGCCAGATGGCAC-1_SID192075	0	0	0	1.17507578641441	1.70051673826639	0	0	0	1.17507578641441	2.1786485803723
CAGTTCCCACAACCGC-1_SID192075	0.622367461826624	1.67084735247545	0	0	1.27815292394912	0.622367461826624	0.622367461826624	0	1.00308049519881	2.50334761160488
CATGCAATCGCAGTCG-1_SID192075	1.65477614282002	1.99440950715723	0	0	1.13653546018181	1.65477614282002	1.13653546018181	0	0	1.99440950715723
CCACCATCAGCAGAAC-1_SID192075	0	1.88333223811713	0	0	0.749090662993246	0	1.46907811073438	0	1.69750433777891	1.46907811073438
CCACTTGCATAGGTTC-1_SID192075	0.697070134844117	0.697070134844117	0	0.697070134844117	1.39217303650983	0	0.697070134844117	0	0	1.39217303650983
CCATCACTCCTCTCGA-1_SID192075	0	0	0	0	0	0	0	0	0.643482887499105	0
CCTCATGTCCACAGGC-1_SID192075	0	2.39092452160842	0	0	1.09350516076705	1.38054700437752	1.38054700437752	0	1.09350516076705	2.0727330724695
CGATGGCGTTCGGCCA-1_SID192075	0.372126140854409	0	0	0	0	0	0	0	1.30965515079819	2.8466157857532
CGGCAGTGTCAGTCGC-1_SID192075	0	0	0	0	0	0	0	0	0.955511445027437	0
CTCACTGGTGACGCCT-1_SID192075	0	0	0	0	0	0	0	0	0.774443942160329	3.24091497854614
CTGTATTCAGCCTATA-1_SID192075	0	2.55125026221473	1.2133165770732	0	2.55125026221473	1.74558470433494	0	0	2.72048926360942	2.55125026221473
GAAGCGACAGTTAAAG-1_SID192075	0.946351373182774	1.42373106074152	0	0	1.98858234946178	0.946351373182774	0	1.42373106074152	0	2.81916963823275
GAGTTGTCATGGCTGC-1_SID192075	0	2.52526876846663	2.29656445096859	1.99954516216742	2.41744061792631	2.15904206495528	0	0	1.80969054768949	2.29656445096859
GATTGGTGTCATAAAG-1_SID192075	1.18625535367541	1.18625535367541	0	0	2.31245433874836	1.71372414789284	1.18625535367541	0	1.18625535367541	2.95482497057251
GTACAGTTCCGTATGA-1_SID192075	0	1.97581096619292	0	0	0	1.12194531610153	1.97581096619292	2.22821584453596	1.12194531610153	1.97581096619292
GTGGTTAGTCGGCCTA-1_SID192075	0	1.8538735573995	0	0	2.78343635018663	0.903610946419924	1.37041934766147	0.398440641056452	0.682591889232935	2.72099975177449
GTTTACTGTGCTCGTG-1_SID192075	0.83997500044854	2.55309332272063	0	0	0.83997500044854	0	1.59917082745755	1.59917082745755	1.28995363864205	0
TATCGCCAGGCTTCCG-1_SID192075	0	2.51395656774733	0	0	0	1.50262073227981	0	0	0.627734915373777	2.51395656774733
TATTGCTAGTCATGGG-1_SID192075	0.628223902776203	0	0	1.01107620681292	1.01107620681292	1.50343605343155	0	0	1.01107620681292	2.51492031302474
TATTGCTCACATTCTT-1_SID192075	0.61989757755764	2.63052566933295	0	0.61989757755764	1.81684646483226	1.274304410051	0	0	1.66651521998421	2.26044729114368
TCATTACAGTCATCGT-1_SID192075	0.611024593556569	2.54885537438827	0	0	2.32878862720541	0.987545194977163	0.611024593556569	0.611024593556569	1.65088504843992	2.83345114676036
TGCTTGCTCCATATGG-1_SID192075	0	2.17030575728561	0	0	3.01565283008896	1.07849141127901	0	0	1.91996529756053	2.3703561603043
TGTAGACAGTGAGGTC-1_SID192075	0	2.13212100882372	0	0.910894901286403	0	1.69738290034917	1.37954501136315	1.93819287702042	0.910894901286403	2.29448038957086
TGTTTGTCACGCTATA-1_SID192075	1.70299123288682	0	2.3006523778274	0	2.94240443860185	2.67214922223936	0	0	1.70299123288682	1.70299123288682
TTAATCCGTACGATCT-1_SID192075	0	1.95081183862644	1.79652532468817	0	2.4030932636737	0.696009418573148	1.10242678837462	0	1.10242678837462	0
TTACTGTAGCTCGGCT-1_SID192075	0	1.60544987125614	0	0	2.39336217346739	1.09529002647613	1.60544987125614	1.60544987125614	2.19279243711688	1.94163663827793
TTCTGTAGTGTCACAT-1_SID192075	0	1.48086315944951	0	0	0	1.48086315944951	1.48086315944951	0	1.48086315944951	1.80748659635128
TTGGGTACAACATACC-1_SID192075	0.477124349316823	2.75202954163273	0	0.477124349316823	0.477124349316823	1.5408598564148	0	0.477124349316823	0.798798085111673	1.9621122016206
