p_val	avg_log2FC	pct.1	pct.2	p_val_adj	cluster	gene	specificity
0	0.568283124486956	0.363	0.008	0	82	Tal1	11.7760891907575
2.92680650696101e-87	2.01083559211185	0.735	0.129	9.44919480772361e-83	82	Nell1	10.7775001159952
2.77432384649792e-70	1.15552810658504	0.115	0.004	8.95690453841854e-66	82	Pkd1l2	10.3172152373665
0	0.507233446813107	0.265	0.004	0	82	Gata3	9.96351413382889
1.03923970662103e-77	1.74641254915793	0.673	0.114	3.35518539282599e-73	82	Kcnmb2	9.61935299253927
3.02896516115324e-102	1.60099503629911	0.743	0.117	9.77901402278324e-98	82	Slc44a5	9.49251387663959
8.36913362747654e-120	0.940203212148808	0.496	0.041	2.7019747916308e-115	82	Gnasas1	9.32829069308425
1.15490080541243e-91	0.934609100388638	0.381	0.032	3.72859725027403e-87	82	Dlk1	8.70076567266565
9.61391038985922e-104	1.47444161690184	0.85	0.144	3.10385096936605e-99	82	Gad2	8.23389474373756
4.56853073373806e-73	2.29936654642649	0.912	0.267	1.47495014738733e-68	82	Zfpm2	7.65348720507301
3.68431205911944e-63	2.01292634611262	0.867	0.234	1.18948014828671e-58	82	Cntn5	7.23498526860971
8.64270652732878e-53	2.25090919217303	0.885	0.286	2.7902978023481e-48	82	Kcnh7	6.8059585371448
1.88975646897782e-71	1.75262215432809	0.938	0.244	6.10107876009488e-67	82	Nxph1	6.54128268623238
5.48931067429579e-68	0.877183040441744	0.407	0.047	1.77222395119639e-63	82	Cdh23	6.41728645375802
4.51611068151573e-67	1.38270794138856	0.717	0.15	1.45802633352735e-62	82	Syndig1	6.28267920868427
1.65188272964528e-61	1.82967104184335	0.965	0.287	5.3331033926598e-57	82	Cntnap5a	6.00649584443526
2.23691557519599e-46	1.13873226319944	0.416	0.071	7.22188193452026e-42	82	L3mbtl4	5.9888881990489
1.71988194915888e-45	1.34374436045598	0.522	0.112	5.55263887285944e-41	82	St6galnac5	5.85960655543101
4.58298946964837e-47	2.04049932929782	0.841	0.296	1.47961815027597e-42	82	Galntl6	5.67472199095571
2.03347496874372e-76	0.696488696293303	0.407	0.043	6.56507393658909e-72	82	Kcns3	5.47992049725108
3.98373705030249e-80	0.553645160600026	0.31	0.023	1.28614950669016e-75	82	Sox1ot	5.36868034521238
5.6633507121954e-52	0.757266478214724	0.31	0.036	1.82841277743229e-47	82	Stk33	5.26794071801547
1.93695664139577e-91	0.474921529585871	0.142	0.004	6.25346451674623e-87	82	Gm45680	5.1562908926466
3.36737047720251e-52	1.32162458130578	0.77	0.192	1.08715555856483e-47	82	Cntnap5b	5.10330283870547
9.16803025905836e-45	1.28286504515449	0.593	0.142	2.95989856913699e-40	82	Klhl1	5.08926067255368
2.10334126743925e-46	2.07313790759856	0.956	0.384	6.79063728192761e-42	82	Kcnip4	5.08287111355382
1.84036790448148e-54	0.589547869002865	0.168	0.011	5.94162777961846e-50	82	Espn	4.99712003250047
9.60191016631971e-68	2.33603428473441	0.991	0.464	3.09997669719632e-63	82	Nrxn3	4.93327071523027
8.25455979397145e-58	0.86724298895234	0.496	0.079	2.66498462948368e-53	82	Gm26862	4.93061744280769
9.54381375744751e-61	1.04940519483723	0.655	0.134	3.08122027159193e-56	82	Rasgrf2	4.84621149004693
2.6449549914181e-13	1.47999354629252	0.212	0.058	8.53923718979332e-09	82	Pkd2l1	4.83174363642556
2.2310849110696e-48	1.4522866112751	0.832	0.245	7.2030576353882e-44	82	Kcnc2	4.79539343801426
6.68486456623027e-52	1.42560965290478	0.796	0.23	2.15820852520744e-47	82	Dlgap2	4.78767241767189
4.35762415478855e-53	1.55406665651922	0.894	0.287	1.40685895837348e-48	82	Pdzrn4	4.73022308920329
2.6413943338974e-38	1.57265207582218	0.752	0.244	8.52774160698775e-34	82	Pigk	4.71795622746653
2.18032638649493e-52	1.34250703949199	0.796	0.22	7.03918373879887e-48	82	Plcxd3	4.70461162535019
3.11070538248165e-55	1.59447128219584	0.973	0.326	1.0042912327342e-50	82	Lrfn5	4.66477759047177
1.24417075007536e-34	0.959633733131001	0.345	0.064	4.0168052666183e-30	82	Reln	4.60364831434467
5.0395963382998e-49	1.42257217785321	0.876	0.267	1.62703367782009e-44	82	Kcnb2	4.55017671327779
1.05382047360861e-49	0.74969375573499	0.389	0.056	3.40225939904539e-45	82	Nell1os	4.53223952330699
8.82212573462766e-71	0.689675405632884	0.487	0.066	2.84822329342454e-66	82	G630016G05Rik	4.51011416578347
1.0521783367924e-54	0.820562743596087	0.478	0.079	3.39695776033425e-50	82	Chrna7	4.49926538061675
6.28677201662164e-32	1.41199247834106	0.602	0.184	2.02968434556629e-27	82	Sdk1	4.45432678734397
3.01275630320115e-56	1.50937103843059	0.973	0.325	9.7266837248849e-52	82	Ptprn2	4.42899024112617
3.5360910441491e-34	1.28460096699477	0.593	0.168	1.14162699360354e-29	82	Chrm3	4.3517661971789
1.05530247484378e-42	1.26612907328092	0.761	0.215	3.40704404003315e-38	82	Adarb2	4.33860229110929
3.47765734379856e-39	1.72504970597273	0.805	0.316	1.12276167344536e-34	82	Meis2	4.31262426493184
3.5009217938803e-54	1.13790294442458	0.788	0.208	1.13027260115426e-49	82	9630014M24Rik	4.16535114518722
1.67648657179234e-35	1.13107541814196	0.602	0.158	5.41253689703157e-31	82	Zfp804b	4.12034616608858
1.82316606027065e-30	1.5432584678766	0.735	0.27	5.88609162558378e-26	82	Cntn4	4.10616985202881
1.11216064761422e-52	1.38827460447071	0.956	0.317	3.5906106508225e-48	82	Rit2	4.10114149210615
4.29422678163795e-41	1.34554004832334	0.841	0.273	1.38639111645181e-36	82	Epha6	4.0461292619193
2.43691950164433e-44	0.853380935457681	0.496	0.097	7.86759461105872e-40	82	Baiap3	4.03561451721109
5.66205979721024e-44	1.20898134555466	0.805	0.236	1.82799600552933e-39	82	Fstl5	4.00536502693923
7.03466790120691e-46	1.37949166533741	0.938	0.318	2.27114253190465e-41	82	Usp29	3.98706737420691
1.1328142440738e-49	0.818981564082634	0.54	0.103	3.65729078699226e-45	82	Gad1	3.98619345349955
9.21715960066341e-45	2.16106018291704	0.973	0.523	2.97575997707418e-40	82	Dcc	3.98559504654306
4.20393816514657e-81	0.38709683000283	0.195	0.01	1.35724143661757e-76	82	7420701I03Rik	3.96774250752901
7.37821218878307e-39	0.969368354634925	0.531	0.123	2.38205580514861e-34	82	Gm28905	3.94306977336462
3.32096345822406e-44	1.10414299602392	0.735	0.199	1.07217305248764e-39	82	Srrm4	3.93582072745368
2.11175566671706e-45	0.754377641648483	0.416	0.072	6.81780316999603e-41	82	Trpc6	3.91908384563724
3.40597321446854e-37	1.2244996160387	0.726	0.223	1.09961845229117e-32	82	Kctd8	3.86794728499779
4.1603567817648e-42	1.14739609204948	0.717	0.206	1.34317118699276e-37	82	B230217J21Rik	3.86183777277764
1.24597108654262e-47	1.09817028826046	0.752	0.207	4.02261765290286e-43	82	Susd4	3.8562477403432
1.01648125519931e-38	1.16148346149737	0.726	0.212	3.28170973241099e-34	82	Unc5d	3.85068390838769
9.91697607192796e-35	1.27809641725105	0.752	0.245	3.20169572482194e-30	82	Gm15398	3.81925282331489
5.99354318732514e-42	0.882893567612802	0.513	0.111	1.93501541802792e-37	82	Galnt14	3.81614327158261
9.77908710318254e-41	1.39283755799443	0.894	0.32	3.15717827126249e-36	82	Nrg1	3.8155307649302
2.32089632233098e-43	1.52648340471863	0.965	0.383	7.49301377664558e-39	82	Nrg3	3.78707714911111
5.458222213056e-42	1.44697052356638	0.903	0.34	1.76218704148513e-37	82	Pde10a	3.7745259657603
7.24379612080535e-44	1.32005883590328	0.92	0.316	2.33865957760201e-39	82	Gm20642	3.76581201653389
3.67275816447857e-41	1.33231017714603	0.841	0.294	1.18574997340191e-36	82	Dab1	3.72959197615551
2.15546870837662e-49	1.40424594307827	0.965	0.358	6.95893072499391e-45	82	Dscam	3.72048857201445
8.31025240199406e-28	1.12454942654835	0.504	0.147	2.68296498798378e-23	82	Hs3st4	3.68164589328569
1.31704759183867e-39	1.00684437888837	0.593	0.155	4.25208815025114e-35	82	Fstl4	3.67955854830115
8.96690376343184e-38	1.14156135821252	0.726	0.22	2.89496488002397e-33	82	Cdh13	3.65299634628006
1.26875328432637e-46	0.928579366018543	0.637	0.156	4.09616997844769e-42	82	Frmpd3	3.61922198683131
3.49177651389486e-37	1.21643737586947	0.77	0.257	1.12732004751095e-32	82	Elavl2	3.55363727782093
7.26208828901623e-31	1.10204401165073	0.602	0.18	2.34456520410889e-26	82	Thsd7b	3.54974176384341
6.71162171445412e-43	1.87829577763226	0.973	0.513	2.16684707051151e-38	82	Opcml	3.53033412889582
8.66014300824702e-48	1.13476408100553	0.876	0.275	2.79592717021255e-43	82	Ksr2	3.52772272200315
2.28032014371416e-35	1.49111804393593	0.876	0.371	7.36201358398117e-31	82	Lingo2	3.46753434889038
1.1058493938272e-55	0.444766139909789	0.239	0.022	3.57023476797112e-51	82	Lmo1	3.46083652617304
2.445253332926e-43	1.23386508706693	0.929	0.325	7.89450038535158e-39	82	Myt1l	3.45850542315178
2.30056127212301e-44	1.38398501225725	0.965	0.385	7.42736206704912e-40	82	Agbl4	3.41616553658436
7.99653714923641e-47	0.421473877388345	0.168	0.012	2.58168201863097e-42	82	Gm16223	3.41010682614207
1.75312009328726e-44	1.28584435165367	0.973	0.364	5.65994822117793e-40	82	Rims1	3.37963903121807
1.06147053949891e-53	0.428301655719566	0.186	0.015	3.42695763677222e-49	82	Crb1	3.35788498084139
4.07872072613919e-44	1.20099215716942	0.965	0.343	1.31681498643404e-39	82	Erc2	3.31718796951894
2.08538804668411e-43	0.741295604036088	0.54	0.113	6.73267530871966e-39	82	Slc6a5	3.31473644081178
4.33909152043731e-42	1.10259854387665	0.858	0.279	1.40087569737319e-37	82	Gm32509	3.31161085150497
7.28326780414574e-36	0.968553088797864	0.655	0.186	2.35140301056845e-31	82	Zmat4	3.28616226556418
3.58236149736715e-46	1.01009741298745	0.858	0.258	1.15656540942499e-41	82	Mirg	3.27150953161606
1.53577807369182e-33	1.19652692374054	0.788	0.283	4.95825951091403e-29	82	Gria3	3.25880029059711
1.30718212727718e-27	1.31725821059758	0.841	0.339	4.22023749791437e-23	82	Syt1	3.21199638171501
2.43787337323535e-38	1.51293075402193	0.92	0.429	7.87067418549032e-34	82	Astn2	3.20506970669795
5.2985435858678e-43	0.751159842253851	0.593	0.136	1.71063479669742e-38	82	Lrtm1	3.10239304711693
1.09440295811427e-35	1.06059579469941	0.841	0.289	3.53327995027191e-31	82	Brinp1	3.01861880029831
5.64971252008639e-42	1.55583284267227	1	0.511	1.82400968710989e-37	82	Snhg11	3.01610589462378
3.81253092045589e-74	0.312779850466142	0.115	0.003	1.23087560766919e-69	82	B020031H02Rik	3.00749856217444
1.71161810799871e-18	1.01204794109769	0.416	0.135	5.52595906167382e-14	82	Vwc2l	2.97332705453528
2.34873697507959e-22	1.26092979781233	0.673	0.28	7.58289732404445e-18	82	Hs6st3	2.96970707553732
9.64557363684663e-39	0.947791702770431	0.752	0.234	3.11407344865593e-34	82	Tro	2.95990687504536
1.2237383804091e-37	1.06036534168225	0.85	0.301	3.95083936115079e-33	82	Klhl29	2.93219998021457
2.85653710605356e-29	0.996115423779083	0.708	0.234	9.22233004689393e-25	82	Egfem1	2.93119210767779
3.19780442300623e-28	0.592403244211008	0.257	0.044	1.03241115796756e-23	82	Pappa	2.92910492970999
5.05503945026089e-35	1.1367143300347	0.858	0.327	1.63201948651673e-30	82	Dpp10	2.92779833373922
1.94274583942669e-35	1.26506208836565	0.876	0.373	6.27215494258906e-31	82	Cacna2d3	2.92648827752471
2.53692166442947e-37	0.81067214935168	0.602	0.16	8.19045159361056e-33	82	Gpr45	2.91841973766605
2.78745220640512e-39	0.846742396850461	0.681	0.191	8.99928944837893e-35	82	Ankrd55	2.91094027971974
1.01779245681744e-41	0.747819316294914	0.611	0.15	3.28594294683511e-37	82	Col4a2	2.90247372136964
4.61369648524956e-25	1.0017004375629	0.575	0.192	1.48953191026282e-20	82	Pld5	2.90096413848663
3.20008671854239e-25	0.652082015431038	0.283	0.056	1.03314799708141e-20	82	Col8a1	2.89484894729234
6.45251451077079e-29	0.97440626685597	0.664	0.217	2.08319430980235e-24	82	Cdh12	2.89317103022433
5.32866366515494e-31	1.23940567780133	0.814	0.348	1.72035906429527e-26	82	Inpp4b	2.85271027516284
3.81329853896079e-27	1.14407889745421	0.85	0.336	1.23112343330349e-22	82	Gpc6	2.8436643115914
1.26512487088006e-31	0.76652433528656	0.487	0.124	4.08445564563626e-27	82	Tcerg1l	2.84300443759269
4.23555481405439e-33	0.990368282274233	0.805	0.274	1.36744887171746e-28	82	Scn9a	2.84207799314613
6.38852011457587e-44	0.731062212244006	0.637	0.157	2.06253371899082e-39	82	Rtl1	2.83231887019085
1.29998017829344e-35	1.08750989422045	0.903	0.342	4.19698600562038e-31	82	Unc80	2.82072878813431
1.12873532673164e-28	0.919890752092812	0.611	0.193	3.64412200235309e-24	82	Cntnap4	2.81405003472727
5.90410919668387e-40	0.964575021984111	0.894	0.303	1.90614165414939e-35	82	Cit	2.7858652392129
2.77734965047516e-38	0.904880479153321	0.77	0.244	8.96667334655907e-34	82	Jazf1	2.77876682574642
3.88909198704242e-32	0.906546654032266	0.814	0.26	1.25559334801665e-27	82	A230006K03Rik	2.76664608489847
1.47161127423893e-36	0.924879026276233	0.841	0.276	4.75109699888039e-32	82	Khdrbs2	2.75200017958418
1.43847084125156e-27	0.937852858507016	0.655	0.217	4.64410311098065e-23	82	Shisa9	2.74745440928267
2.59330285929814e-40	0.690410342224259	0.593	0.143	8.37247828124406e-36	82	Lamp5	2.72102899582502
2.59521890638272e-20	1.18166062053874	0.646	0.275	8.3786642392566e-16	82	Rgs6	2.71989251604706
6.22657153154614e-25	1.37336449752279	0.858	0.429	2.01024861895967e-20	82	Pcdh15	2.71544506571704
2.25397707929055e-35	0.585390464101669	0.416	0.082	7.27696500048955e-31	82	Gm48749	2.71061236638382
1.85667069980964e-40	0.881962285678616	0.85	0.27	5.99426135433542e-36	82	Cacna1b	2.70888416315575
8.78716836947555e-32	1.06716852900986	0.876	0.34	2.83693730808518e-27	82	Epha5	2.70146090486496
7.10349868699097e-32	1.18216104209333	0.92	0.397	2.29336455109503e-27	82	Asic2	2.70125250404618
1.78629700527419e-35	0.871086187980863	0.796	0.251	5.76705988152772e-31	82	Gm13629	2.69002094832404
3.98545268406817e-37	0.872701966585445	0.779	0.246	1.28670339905141e-32	82	B830012L14Rik	2.6896947329528
7.90661366564145e-37	0.722861112855759	0.566	0.145	2.55265022195234e-32	82	Gprin3	2.68624516777366
1.62424147808071e-30	1.04567128710416	0.85	0.325	5.24386361198356e-26	82	Rmst	2.68440987137188
5.34669258723642e-37	0.606610655000452	0.434	0.091	1.72617970178928e-32	82	Htr4	2.66668446356634
7.08936983693762e-34	0.93713492094969	0.761	0.261	2.28880305185531e-29	82	Pdcd7	2.66616614041406
6.55549252821794e-21	1.02882738288999	0.558	0.21	2.11644076273516e-16	82	6330411D24Rik	2.6562452430978
1.21672740920661e-37	0.634280588299415	0.504	0.113	3.92820444062355e-33	82	Adra1a	2.6505709137065
8.9502567507388e-34	0.947933566353999	0.876	0.307	2.88959039197602e-29	82	Atp8a2	2.64942946305881
1.81004303436308e-29	0.95718577402891	0.788	0.279	5.84372393644121e-25	82	Unc13c	2.64302507846045
6.69656335581826e-17	1.09763111097653	0.637	0.259	2.16198547942593e-12	82	Pard3b	2.6400272446164
2.29320697994999e-27	0.84823016245743	0.566	0.178	7.40361873476854e-23	82	Gabrb2	2.59883283816745
2.35905459977751e-35	0.885637523822507	0.876	0.292	7.61620777538168e-31	82	Hecw1	2.59826107982365
1.27914994433e-32	0.792452650706769	0.566	0.166	4.12973559526941e-28	82	Lrfn2	2.59348140231306
4.16847239648548e-19	0.943798595766746	0.549	0.194	1.34579131320534e-14	82	Sphkap	2.58619321094907
8.26208957758882e-35	0.869306103433879	0.814	0.267	2.66741562012455e-30	82	Mir124a-1hg	2.58595028602713
3.8693706180397e-33	0.754255429535971	0.584	0.164	1.24922630403412e-28	82	5330417C22Rik	2.57487198358831
4.41115828991561e-34	0.93093589608111	0.85	0.301	1.42414245389926e-29	82	Ptprn	2.57429218852011
3.38550746451211e-37	1.25745214615781	0.982	0.475	1.09301108491773e-32	82	Fgf12	2.57194335873928
7.86797699221362e-30	0.549388096561913	0.327	0.062	2.54017637193617e-25	82	Sox11	2.57144150751896
1.38048217064183e-34	1.01917134246126	0.929	0.364	4.45688668791714e-30	82	Cacna1d	2.55882858441476
1.19118086382338e-34	0.816357439807296	0.69	0.215	3.84572741885379e-30	82	Scn3a	2.5397787016227
8.97933920635643e-33	1.13224550202428	0.858	0.379	2.89897966277217e-28	82	Lhfpl3	2.52645011762745
4.38168241941764e-35	1.0811028758188	0.885	0.373	1.41462616910898e-30	82	Stau2	2.52633700746169
5.70389902186574e-36	0.420650716133413	0.265	0.036	1.84150379920935e-31	82	Pax6	2.51475971601497
2.55532980991656e-31	0.851980578675541	0.726	0.241	8.24988229131562e-27	82	Gm48091	2.49823787213226
1.05635685975342e-39	1.46052909886527	0.991	0.576	3.41044812171392e-35	82	Ube3a	2.49486284635518
6.58024320256442e-30	0.79378405293627	0.637	0.196	2.12443151794792e-25	82	Alk	2.49309845752314
5.45660898282559e-32	0.865923026062133	0.796	0.274	1.76166621010524e-27	82	Fam135b	2.45751394016225
1.92260064196089e-32	1.01338499357602	0.938	0.382	6.20711617257074e-28	82	Samd12	2.45073717834201
2.26686791333911e-31	0.365233333537448	0.124	0.01	7.31858305821531e-27	82	Gck	2.44706333470091
2.84830052831216e-26	0.996349975059121	0.85	0.341	9.19573825565581e-22	82	Lrrtm4	2.44119936909073
3.3046958558445e-36	0.755968180493246	0.681	0.204	1.0669210570594e-31	82	Ptpn5	2.44100005944314
6.25948645860942e-28	0.824900771009423	0.664	0.218	2.02087520316205e-23	82	Adcy2	2.43852245465066
4.50544347336906e-34	0.918672275762418	0.876	0.326	1.4545824253772e-29	82	Snrpn	2.4224512985878
3.72925233951444e-29	0.957108495922426	0.841	0.327	1.20398911781224e-24	82	Rasgrf1	2.41691195854595
1.3079399423544e-30	0.952045951990084	0.876	0.341	4.22268410389119e-26	82	Dok6	2.40317012382682
3.43610718681847e-33	0.750126678972163	0.681	0.207	1.10934720526434e-28	82	Dapk1	2.38865223580537
1.71464861633053e-26	0.860102896057511	0.743	0.264	5.53574305782311e-22	82	Chsy3	2.36371343332593
1.43277350761303e-34	1.07157731087926	0.956	0.429	4.62570926932866e-30	82	5330434G04Rik	2.35795827405322
1.37171192281563e-32	0.837210248864484	0.805	0.28	4.42857194281027e-28	82	Ica1	2.35284949249846
2.27125371673448e-53	0.317091720923313	0.301	0.032	7.33274262447725e-49	82	Irx2	2.34798869540834
1.63184082990979e-31	0.838199477814488	0.788	0.276	5.26839811936374e-27	82	Rab3c	2.33875238914672
6.36529450881217e-28	0.827872639883035	0.717	0.249	2.05503533217001e-23	82	Runx1t1	2.32379694669871
7.67751854587208e-31	0.741656167740563	0.593	0.183	2.4786868625348e-26	82	Unc13a	2.31719517693036
7.07888658120543e-31	0.833049860450473	0.796	0.28	2.28541853274217e-26	82	Chl1	2.31530409490718
1.28066673867744e-29	0.998587416164832	0.894	0.38	4.13463256582013e-25	82	Rbms3	2.314674421059
4.75561348112766e-32	0.809665490159867	0.77	0.263	1.53534981238207e-27	82	Sptbn4	2.31332997188534
5.10726472089509e-29	0.582201420776777	0.407	0.095	1.64888041514098e-24	82	Samd5	2.3121713567992
9.61812956410698e-32	0.954356058805132	0.885	0.36	3.10521312977194e-27	82	Snap91	2.30850992602863
7.73924459896239e-21	0.904155452678617	0.619	0.237	2.49861511877501e-16	82	Efna5	2.30248493819777
1.75151132347296e-32	0.721883479210926	0.655	0.201	5.65475430783246e-28	82	Chd5	2.27513039656524
1.38103197637173e-33	0.760398907711032	0.735	0.239	4.45866173571612e-29	82	Cep70	2.27508910138441
2.77566224021198e-29	0.942101441390069	0.894	0.365	8.96122554252439e-25	82	Nalcn	2.27109254137766
1.21389121027656e-33	0.87414551780382	0.903	0.343	3.91904777237789e-29	82	Kalrn	2.26089194831413
1.80131153887304e-31	0.698673347048538	0.664	0.199	5.81553430325162e-27	82	Nipal2	2.25313797086466
7.84258428603228e-18	0.838325348476905	0.46	0.165	2.53197833674552e-13	82	Sncaip	2.25150236448083
3.98488559220668e-32	0.660541602853494	0.602	0.171	1.28652031344393e-27	82	Sgsm1	2.23343348589137
1.3041846471591e-28	0.79816274936695	0.664	0.231	4.21056013335315e-24	82	Fhod3	2.232206195325
5.26608393852217e-25	0.778150476990435	0.628	0.213	1.70015519955188e-20	82	Grm8	2.22627804627757
4.56563225018948e-24	0.853166037577509	0.717	0.27	1.47401437197368e-19	82	D030068K23Rik	2.21518467613875
2.71212415295757e-27	0.923981222821028	0.858	0.354	8.75609282782352e-23	82	Sorbs2	2.20333983903476
9.27362096150759e-27	0.848369229994005	0.841	0.319	2.99398852742273e-22	82	Ryr2	2.19441402651945
8.75079259097751e-15	0.767628799772239	0.389	0.13	2.82519338799709e-10	82	Pard3bos1	2.18774207935088
2.90650490090372e-29	0.854834350516954	0.876	0.337	9.38365107256765e-25	82	Osbpl6	2.18266061832283
1.83006233920931e-29	0.851909580987274	0.894	0.344	5.90835626213726e-25	82	Stxbp5l	2.17549791302965
2.25404325111257e-30	0.410181018888334	0.265	0.042	7.27717863621693e-26	82	Gm9934	2.16922654219792
3.11707069419873e-34	0.81840942956052	0.92	0.341	1.00634627362206e-29	82	Gucy1a2	2.16843524071591
5.21254747201905e-25	0.904383146339144	0.867	0.356	1.68287095134135e-20	82	Cdr1os	2.16706016212959
7.32852608847206e-29	0.860991907564182	0.912	0.357	2.36601464766321e-24	82	Grip1	2.16303689039285
3.75702916036015e-24	0.944093492283609	0.761	0.328	1.21295686442228e-19	82	Fgf1	2.15353870577119
1.93982918591568e-28	0.861855341781912	0.912	0.359	6.26273852672877e-24	82	Grid1	2.15347052878841
2.19188277388662e-22	0.612049495997056	0.398	0.106	7.07649353549295e-18	82	Gm33228	2.15272581350689
3.7063667476964e-25	0.91504136873606	0.796	0.333	1.19660050449378e-20	82	Scn1a	2.15021382857511
2.64491892060128e-28	0.646589998070799	0.575	0.166	8.53912073516124e-24	82	A830018L16Rik	2.14917698222396
2.90596363810503e-32	0.612766172089351	0.549	0.15	9.38190360562208e-28	82	Slc6a15	2.14085181373717
1.24067216364313e-32	0.360070893329823	0.221	0.029	4.00551008032183e-28	82	Dgkk	2.13272759895357
4.78394568841122e-26	0.862691099612472	0.823	0.328	1.54449686550356e-21	82	Grin2b	2.12609966265441
2.13517936448464e-26	1.04579169939865	0.982	0.478	6.89342657823865e-22	82	Fgf14	2.1258716512366
6.74859401641712e-30	0.557162674776982	0.451	0.111	2.17878357820027e-25	82	Ar	2.12274374439826
8.83886929512885e-30	0.887359630241713	0.903	0.372	2.85362895193235e-25	82	Ftx	2.12083597489708
1.93810082732116e-22	0.720354391961568	0.602	0.198	6.25715852100638e-18	82	Tafa2	2.11950426865615
1.33768379222618e-28	0.914679165856673	0.965	0.411	4.31871212320223e-24	82	Dpp6	2.11831873327852
1.91807519031988e-29	0.646675151085417	0.54	0.158	6.19250575194773e-25	82	Dcx	2.1170912684344
5.07404926720232e-30	0.581184871454654	0.478	0.124	1.63815680591627e-25	82	Zkscan16	2.11655386022292
9.37033778824537e-30	0.731778523559543	0.726	0.245	3.02521355493502e-25	82	Khdrbs3	2.11211369937186
1.641341749697e-28	0.760298597937002	0.699	0.246	5.29907183889678e-24	82	Ankrd24	2.10567072631771
4.08843893027152e-32	0.699286996712587	0.735	0.239	1.31995250863816e-27	82	Ank1	2.09224422711196
4.15132160322827e-31	0.475663373572471	0.381	0.079	1.34025417960225e-26	82	Sez6	2.08971212434647
2.84670678791742e-23	0.417923456687485	0.195	0.031	9.19059286479139e-19	82	Gm46102	2.08961728343743
4.76744803904548e-26	0.528463491293189	0.372	0.087	1.53917059940583e-21	82	Stac2	2.08116550179379
5.16961982308756e-31	0.61747175036137	0.584	0.167	1.66901175988382e-26	82	Gprasp2	2.07219333172121
1.47860896883372e-28	0.581265912472477	0.478	0.127	4.77368905587968e-24	82	Kcnb1	2.07049463712824
1.52153353917097e-29	0.724936416660365	0.708	0.242	4.91227103121348e-25	82	Pdzd4	2.06549344111961
4.86992230509627e-25	1.29523579621315	0.956	0.597	1.57225441620033e-20	82	Tenm2	2.06128134949242
1.30663920632794e-28	0.778962654734125	0.805	0.298	4.21848467762974e-24	82	Unc79	2.0612161156114
8.50240604583864e-27	0.695208749121724	0.637	0.209	2.74500179189901e-22	82	Rph3a	2.05388155562445
6.09625552783088e-27	0.660939482796987	0.54	0.167	1.9681760971602e-22	82	Ablim3	2.05376675445392
1.0707185151109e-20	0.792624377217783	0.619	0.233	3.45681472603554e-16	82	Ptchd4	2.05169026037031
9.91820779687368e-31	0.64605208880752	0.628	0.191	3.20209338722067e-26	82	Ece2	2.05065289880198
1.17224696742354e-22	0.726968709210631	0.531	0.182	3.78459933432689e-18	82	Clvs2	2.04838579001537
5.71204709929375e-25	0.626050613924468	0.487	0.142	1.84413440600699e-20	82	Celf3	2.04702075737145
4.00152768405007e-20	1.11813059213903	0.903	0.491	1.29189321279557e-15	82	Pcdh7	2.03763119884818
2.21412923336232e-26	0.766736156809808	0.726	0.268	7.14831622991026e-22	82	Hmgcll1	2.02992018493532
1.4042059447247e-27	0.647659383035695	0.602	0.186	4.53347889254368e-23	82	Nrp2	2.02228337968289
1.07905299065301e-28	0.710056096334294	0.69	0.236	3.48372258032325e-24	82	Tmem130	2.0204848269675
3.17056925242789e-24	0.668320740210228	0.531	0.169	1.02361828314635e-19	82	Rab27b	2.01989676231136
4.66483386161001e-30	0.765210094662432	0.85	0.316	1.50604161222079e-25	82	C530008M17Rik	2.01865239696224
3.23194940806398e-29	0.885383402709011	0.867	0.375	1.04343486639346e-24	82	Mast2	2.01683440045663
1.57287146541043e-29	0.727342649944043	0.743	0.262	5.07801552607759e-25	82	Grb10	2.01356255664656
1.74638780579692e-25	0.852220686528968	0.867	0.362	5.63821303101536e-21	82	Grm5	2.00913317765028
4.88598429482506e-29	0.715508763928905	0.77	0.268	1.57744002958427e-24	82	Nhs	2.00754257505232
1.49185219163382e-25	0.672939722919418	0.628	0.204	4.81644480068979e-21	82	Zfp385b	2.00624085618032
